0 0.410401 0.525031 0.025063 0.028276
0 0.411485 0.486633 0.023858 0.032453
0 0.438476 0.470567 0.026268 0.035666
0 0.436548 0.505752 0.023858 0.032132
0 0.453297 0.531296 0.023617 0.028597
0 0.425463 0.553628 0.025786 0.032132
0 0.448838 0.576762 0.026268 0.034060
0 0.478600 0.533545 0.023135 0.032453
0 0.484987 0.574995 0.027232 0.035023
0 0.506073 0.549772 0.025063 0.026348
0 0.514266 0.583028 0.025545 0.031810
0 0.541016 0.593150 0.026509 0.032774
0 0.569693 0.610661 0.025545 0.031810
0 0.593190 0.615963 0.018074 0.026991
0 0.474022 0.498040 0.028918 0.032132
0 0.506073 0.514909 0.025063 0.033096
0 0.536317 0.559893 0.027232 0.027955
0 0.565115 0.575638 0.024581 0.027955
0 0.532581 0.524870 0.022171 0.032453
0 0.557524 0.539168 0.020966 0.028276
0 0.585117 0.548647 0.024581 0.029240
0 0.591021 0.583349 0.022894 0.034381
0 0.614397 0.590579 0.019520 0.025705
0 0.638857 0.604878 0.025063 0.024741
0 0.560295 0.506234 0.026027 0.033096
0 0.534268 0.487597 0.025063 0.032453
0 0.506555 0.479404 0.025063 0.029561
0 0.467033 0.462695 0.024099 0.030846
0 0.491975 0.451128 0.023858 0.032774
0 0.394375 0.430564 0.024822 0.034060
0 0.421607 0.441167 0.027714 0.035345
0 0.559592 0.469078 0.024385 0.032514
0 0.659292 0.575764 0.021083 0.029127
0 0.634398 0.567974 0.020575 0.029804
0 0.612045 0.556459 0.022607 0.029804
0 0.601631 0.522929 0.021591 0.031836
0 0.628683 0.527501 0.021845 0.030143
0 0.652179 0.539863 0.021591 0.025740
0 0.676819 0.546298 0.021591 0.030482
0 0.695997 0.523945 0.020829 0.030482
0 0.717207 0.496004 0.021591 0.035562
0 0.692060 0.491093 0.023115 0.033191
0 0.672501 0.511075 0.023115 0.031159
0 0.708824 0.460272 0.024639 0.031836
0 0.645829 0.501931 0.027687 0.035223
0 0.613950 0.487875 0.023369 0.030820
0 0.583977 0.491939 0.024385 0.032175
0 0.597059 0.460780 0.024131 0.029466
0 0.716064 0.426404 0.026925 0.034546
0 0.686598 0.454853 0.024385 0.034546
0 0.661070 0.473142 0.024639 0.028450
0 0.633890 0.460780 0.024639 0.030820
0 0.662721 0.437750 0.022861 0.032175
0 0.689519 0.420308 0.021591 0.030482
0 0.706665 0.388302 0.025909 0.032852
0 0.669706 0.403035 0.026163 0.033868
0 0.693076 0.353587 0.022607 0.033868
0 0.663737 0.356296 0.027941 0.038610
0 0.673898 0.317347 0.025909 0.035901
0 0.658403 0.288051 0.024893 0.038949
0 0.646337 0.317686 0.023115 0.031159
0 0.635161 0.267222 0.026163 0.035901
0 0.605060 0.249102 0.024893 0.032175
0 0.611156 0.310066 0.025401 0.032852
0 0.616491 0.349184 0.024893 0.034546
0 0.641511 0.385254 0.022607 0.032175
0 0.640622 0.421493 0.021337 0.033530
0 0.612934 0.432161 0.027433 0.032514
0 0.612426 0.389318 0.025909 0.036917
0 0.571657 0.407438 0.026163 0.027772
0 0.574451 0.441814 0.021083 0.033530
0 0.532666 0.454515 0.025909 0.033191
0 0.543081 0.417090 0.024893 0.032852
0 0.513107 0.429621 0.025909 0.034207
0 0.568736 0.361884 0.025401 0.032852
0 0.587406 0.332250 0.023115 0.029127
0 0.590327 0.285850 0.024385 0.032514
0 0.588422 0.226072 0.025147 0.036917
0 0.565815 0.259602 0.026163 0.038949
0 0.564418 0.303461 0.020321 0.035223
0 0.551082 0.333604 0.023115 0.035901
0 0.544478 0.382883 0.022607 0.028788
0 0.525808 0.356296 0.023369 0.033191
0 0.516028 0.391689 0.023115 0.034207
0 0.535079 0.298381 0.023115 0.032514
0 0.547780 0.220653 0.023115 0.035562
0 0.529872 0.262142 0.022353 0.031159
0 0.520219 0.218790 0.023877 0.035223
0 0.504217 0.287035 0.023877 0.034207
0 0.494945 0.248256 0.023623 0.031159
0 0.464464 0.243345 0.026163 0.036239
0 0.475513 0.296180 0.024385 0.035562
0 0.501931 0.328185 0.024385 0.033191
0 0.486944 0.384238 0.023369 0.032175
0 0.476148 0.346644 0.025655 0.032852
0 0.448461 0.325984 0.024131 0.034207
0 0.447064 0.280092 0.024385 0.029804
0 0.420900 0.299905 0.023877 0.030820
0 0.410867 0.336314 0.024131 0.031159
0 0.436395 0.363747 0.026417 0.033868
0 0.458240 0.393890 0.026417 0.035223
0 0.484531 0.417429 0.026671 0.033530
0 0.451128 0.429113 0.026925 0.029127
0 0.429791 0.402019 0.027941 0.037933
0 0.397912 0.381867 0.024639 0.034207