0 0.218093 0.319549 0.022171 0.024099
0 0.243156 0.342844 0.021689 0.024420
0 0.261591 0.375137 0.021448 0.028597
0 0.287016 0.358749 0.021689 0.027955
0 0.229902 0.377225 0.024581 0.026991
0 0.204237 0.353126 0.020484 0.026348
0 0.191344 0.384455 0.019761 0.027955
0 0.182427 0.417068 0.023135 0.026348
0 0.212310 0.408875 0.020243 0.026669
0 0.239782 0.408071 0.023617 0.027633
0 0.267737 0.410481 0.020725 0.030525
0 0.294366 0.394255 0.021930 0.028276
0 0.325092 0.376743 0.022653 0.024741
0 0.360637 0.394576 0.021448 0.027633
0 0.330393 0.420281 0.023617 0.026991
0 0.307620 0.426226 0.018074 0.027955
0 0.285570 0.443738 0.020243 0.027633
0 0.256049 0.444862 0.024822 0.026027
0 0.226287 0.439400 0.019761 0.024099
0 0.201947 0.442292 0.021207 0.024741
0 0.182909 0.456751 0.021689 0.026669
0 0.187247 0.492096 0.021689 0.029882
0 0.209659 0.502699 0.020243 0.024741
0 0.217370 0.470246 0.021689 0.024741
0 0.242072 0.473299 0.023858 0.025705
0 0.273038 0.474423 0.020725 0.029240
0 0.299547 0.476833 0.022171 0.026991
0 0.262194 0.506394 0.023617 0.027633
0 0.250265 0.532260 0.023858 0.027312
0 0.223516 0.534027 0.020484 0.026348
0 0.196766 0.527119 0.018556 0.024741
0 0.199778 0.563106 0.022653 0.028597
0 0.225323 0.579494 0.022171 0.026669
0 0.245927 0.561982 0.020002 0.022492
0 0.234480 0.612107 0.020725 0.029561
0 0.256651 0.594274 0.022171 0.028597
0 0.269665 0.559411 0.021207 0.024420
0 0.288100 0.539168 0.022894 0.025063
0 0.290510 0.506234 0.021930 0.029240
0 0.246048 0.647452 0.023617 0.028276
0 0.263037 0.627370 0.021448 0.024099
0 0.290389 0.613232 0.022653 0.022171
0 0.287377 0.585438 0.018556 0.024420
0 0.305451 0.562946 0.023858 0.022492
0 0.334731 0.547041 0.021689 0.029240
0 0.313163 0.528083 0.024340 0.029240
0 0.325815 0.494827 0.024099 0.021849
0 0.272918 0.664964 0.021448 0.024741
0 0.291112 0.642311 0.021207 0.029561
0 0.298944 0.673961 0.019520 0.025384
0 0.313404 0.662393 0.021448 0.026027
0 0.332803 0.689384 0.020725 0.027955
0 0.354974 0.691312 0.019279 0.027312
0 0.337502 0.659341 0.019520 0.025063
0 0.314609 0.627530 0.026268 0.025705
0 0.373048 0.427993 0.020243 0.030204
0 0.395821 0.451449 0.020484 0.028918
0 0.397870 0.492256 0.020725 0.029561
0 0.347624 0.447433 0.022894 0.027955
0 0.325092 0.457393 0.018797 0.031168
0 0.346298 0.478761 0.022653 0.026991
0 0.373168 0.463017 0.023858 0.028918
0 0.372325 0.499807 0.023135 0.027312
0 0.347383 0.516837 0.023858 0.029240
0 0.314729 0.597648 0.022653 0.023777
0 0.333044 0.579815 0.022653 0.027312
0 0.359071 0.578851 0.017833 0.027312
0 0.364975 0.546559 0.023376 0.028276
0 0.391484 0.524227 0.022894 0.026669
0 0.389556 0.558126 0.020484 0.026348
0 0.384615 0.589776 0.021689 0.029240
0 0.367144 0.606002 0.018556 0.025705
0 0.340394 0.612910 0.022894 0.026027
0 0.362445 0.632993 0.022171 0.028276
0 0.380157 0.660465 0.019520 0.022171
0 0.389074 0.630422 0.020966 0.025705
0 0.405099 0.614999 0.021207 0.025705
0 0.418354 0.516194 0.020725 0.026027
0 0.411967 0.551057 0.020966 0.026348
0 0.408353 0.580458 0.020002 0.025384