0 0.502338 0.530172 0.033015 0.049483
0 0.534268 0.495791 0.031328 0.045627
0 0.536799 0.541096 0.030123 0.038558
0 0.563428 0.571782 0.032292 0.034381
0 0.532943 0.593632 0.033497 0.034381
0 0.502338 0.577566 0.032533 0.038879
0 0.467394 0.573710 0.031087 0.044663
0 0.464503 0.524870 0.037835 0.044663
0 0.482818 0.479243 0.036871 0.045306
0 0.519689 0.456751 0.033979 0.047233
0 0.434138 0.601986 0.033979 0.042735
0 0.434259 0.544791 0.034220 0.042092
0 0.429800 0.495951 0.035425 0.049804
0 0.398352 0.548487 0.035666 0.053981
0 0.462575 0.622389 0.031087 0.039201
0 0.495831 0.606484 0.033497 0.027312
0 0.525834 0.625442 0.028436 0.033096
0 0.490770 0.647934 0.031569 0.045306
0 0.423896 0.637973 0.039522 0.047233
0 0.433536 0.665606 0.033738 0.027312
0 0.462454 0.675406 0.026991 0.034702
0 0.494867 0.696131 0.031087 0.031810
0 0.515351 0.662393 0.029641 0.039522
0 0.554270 0.672675 0.028918 0.035023
0 0.560897 0.621747 0.026268 0.039201
0 0.433054 0.712358 0.029400 0.036630
0 0.463418 0.718784 0.026027 0.026991
0 0.490891 0.724407 0.025063 0.022813
0 0.457634 0.785618 0.026027 0.026991
0 0.430644 0.797185 0.021689 0.028918
0 0.490168 0.765857 0.026027 0.027312
0 0.521978 0.753165 0.023617 0.028918
0 0.533907 0.718463 0.023858 0.029561
0 0.554029 0.722319 0.013495 0.019922
0 0.574272 0.704325 0.023617 0.028918
0 0.604396 0.716374 0.025063 0.030525
0 0.588129 0.668980 0.025304 0.029561
0 0.441127 0.743204 0.027232 0.021849
0 0.416426 0.755896 0.023617 0.017030
0 0.414980 0.733886 0.026027 0.026991
0 0.392447 0.754290 0.022412 0.019600
0 0.401003 0.706413 0.028918 0.022813
0 0.381724 0.735493 0.029882 0.028918
0 0.352082 0.784493 0.026509 0.020243
0 0.352323 0.757663 0.027473 0.023777
0 0.346539 0.727942 0.030364 0.026027
0 0.368228 0.697899 0.027473 0.027633
0 0.398111 0.665606 0.030846 0.031810
0 0.316416 0.751237 0.026991 0.019922
0 0.284003 0.763286 0.033979 0.027312
0 0.275207 0.733243 0.034220 0.030846
0 0.309909 0.733083 0.033256 0.024741
0 0.334249 0.705771 0.028918 0.031168
0 0.346419 0.666088 0.030123 0.034060
0 0.379193 0.633314 0.031087 0.030846
0 0.389315 0.588651 0.024822 0.025063
0 0.289184 0.691954 0.031328 0.035023
0 0.304849 0.664160 0.031810 0.030204
0 0.320392 0.636527 0.035907 0.036630
0 0.346419 0.609858 0.036871 0.042414
0 0.237734 0.724247 0.035425 0.024420
0 0.246289 0.704807 0.040968 0.033096
0 0.263399 0.671390 0.036630 0.033096
0 0.280629 0.629458 0.039281 0.041128
0 0.308463 0.587366 0.033738 0.049483
0 0.358950 0.564070 0.036871 0.035023
0 0.201224 0.708341 0.037594 0.033738
0 0.183391 0.663678 0.038558 0.035666
0 0.228456 0.661269 0.031328 0.032132
0 0.243999 0.636367 0.038317 0.034381
0 0.206646 0.626888 0.041691 0.027633
0 0.204719 0.597005 0.040727 0.042414
0 0.250265 0.603592 0.044583 0.032453
0 0.267737 0.576602 0.040486 0.038237
0 0.156762 0.608573 0.046992 0.039843
0 0.128205 0.579012 0.043378 0.046912
0 0.167607 0.567123 0.039763 0.044984
0 0.129772 0.526155 0.050366 0.049804
0 0.183150 0.519889 0.046751 0.049483
0 0.218816 0.555074 0.043860 0.043378
0 0.238577 0.532581 0.046751 0.040807
0 0.285570 0.533706 0.042414 0.039843
0 0.135314 0.478440 0.052776 0.042414
0 0.146641 0.438115 0.056632 0.060086
0 0.174595 0.391524 0.053740 0.053660
0 0.202309 0.476190 0.040245 0.053981
0 0.214599 0.433937 0.044101 0.051732
0 0.249904 0.490007 0.047715 0.052053
0 0.274605 0.451288 0.048920 0.051732
0 0.301113 0.497237 0.047956 0.046591
0 0.257374 0.385419 0.045788 0.065227
0 0.209056 0.337061 0.047956 0.057837
0 0.262555 0.306054 0.052776 0.064585
0 0.303523 0.372084 0.050366 0.058480
0 0.322561 0.434098 0.045065 0.053338
0 0.336538 0.532260 0.036871 0.044663
0 0.378229 0.522139 0.035425 0.039843
0 0.347985 0.479886 0.040004 0.044020
0 0.390761 0.472977 0.037835 0.043699
0 0.368108 0.430885 0.042655 0.055266
0 0.427632 0.441167 0.043619 0.046912
0 0.397870 0.393773 0.043860 0.058801
0 0.350516 0.363248 0.046511 0.059443
0 0.311837 0.301716 0.041450 0.066191
0 0.354612 0.283883 0.051330 0.066512
0 0.410883 0.325975 0.045306 0.062657
0 0.444621 0.387829 0.043860 0.052696
0 0.478600 0.423816 0.040004 0.046912
0 0.491975 0.366782 0.042655 0.057516
0 0.524147 0.400199 0.037594 0.049161
0 0.529690 0.325333 0.036630 0.058158
0 0.563789 0.371602 0.037835 0.056230
0 0.597166 0.373851 0.028918 0.049804
0 0.639459 0.338346 0.038799 0.055909
0 0.561982 0.426065 0.036630 0.035987
0 0.572585 0.457554 0.032292 0.041128
0 0.572224 0.517158 0.033497 0.039522
0 0.588852 0.543346 0.033497 0.044984
0 0.589454 0.580779 0.025063 0.029240
0 0.612830 0.636045 0.027955 0.036309
0 0.644038 0.601986 0.033497 0.051089
0 0.618132 0.561179 0.028918 0.038237
0 0.624759 0.525031 0.030605 0.043699
0 0.606685 0.484705 0.033497 0.038237
0 0.618614 0.443416 0.041932 0.044342
0 0.648617 0.396343 0.036389 0.046591
0 0.653075 0.464944 0.036630 0.041771
0 0.664522 0.513463 0.037835 0.043699
0 0.655726 0.547201 0.033738 0.034702
0 0.677776 0.584795 0.027232 0.039843
0 0.679463 0.621104 0.029159 0.035987
0 0.650063 0.641829 0.029159 0.031810
0 0.622349 0.665767 0.029641 0.031489
0 0.634880 0.706735 0.023376 0.024099
0 0.664401 0.695649 0.031328 0.035345
0 0.702839 0.690508 0.032533 0.028276
0 0.698983 0.658698 0.026268 0.023777
0 0.731757 0.667374 0.026268 0.022492
0 0.724769 0.637170 0.024822 0.031489
0 0.714045 0.604396 0.025545 0.033417
0 0.762483 0.640383 0.027955 0.028918
0 0.752362 0.604717 0.029400 0.030846
0 0.793209 0.615642 0.031087 0.031489
0 0.719708 0.572425 0.030605 0.037594
0 0.694404 0.522139 0.033497 0.037273
0 0.693320 0.312801 0.034220 0.047233
0 0.720190 0.370156 0.038317 0.045627
0 0.682234 0.419157 0.036630 0.048519
0 0.720792 0.422370 0.037594 0.049161
0 0.696212 0.472977 0.035666 0.039843
0 0.727179 0.486955 0.029159 0.035666
0 0.744048 0.529208 0.031087 0.034060
0 0.748626 0.569211 0.025786 0.030525
0 0.777906 0.564874 0.030846 0.029561
0 0.792125 0.529208 0.033256 0.037915
0 0.780075 0.487115 0.027955 0.039201
0 0.760435 0.442774 0.034943 0.037273
0 0.786582 0.397950 0.035184 0.043378
0 0.766941 0.325654 0.038799 0.058158
0 0.806584 0.342844 0.033738 0.058480
0 0.840322 0.348628 0.029882 0.049483
0 0.854058 0.397468 0.035184 0.043056
0 0.865023 0.440846 0.041691 0.045627
0 0.814657 0.437311 0.040727 0.044342
0 0.813090 0.479082 0.028918 0.037915
0 0.856709 0.489364 0.037112 0.039843
0 0.831164 0.534509 0.028436 0.040807
0 0.818633 0.577244 0.031810 0.039522