0 0.518797 0.092105 0.046992 0.056391
0 0.558741 0.147243 0.040414 0.048872
0 0.630169 0.145990 0.040414 0.051378
0 0.680921 0.172306 0.042293 0.058897
0 0.221949 0.613874 0.039522 0.050447
0 0.197368 0.554752 0.042414 0.055588
0 0.248578 0.516355 0.044583 0.047555
0 0.215683 0.473138 0.042414 0.058801
0 0.267616 0.452092 0.040245 0.053338
0 0.222913 0.404376 0.047715 0.058801
0 0.315211 0.505912 0.046270 0.058158
0 0.299667 0.559411 0.039763 0.051411
0 0.320272 0.626566 0.050125 0.061050
0 0.362806 0.580618 0.039763 0.056552
0 0.405581 0.614356 0.049643 0.050768
0 0.395219 0.529368 0.040004 0.058158
0 0.363650 0.481974 0.046270 0.057837
0 0.313404 0.422852 0.039763 0.066834
0 0.275448 0.379314 0.043860 0.064585
0 0.379555 0.411285 0.040968 0.057837
0 0.434741 0.560697 0.044824 0.052696
0 0.465708 0.615802 0.045065 0.056873
0 0.512941 0.603914 0.040727 0.044663
0 0.573188 0.619497 0.041209 0.052696
0 0.484866 0.557323 0.045306 0.054302
0 0.539811 0.554110 0.040004 0.045306
0 0.610179 0.557805 0.039040 0.052696
0 0.456189 0.503984 0.038076 0.049161
0 0.502458 0.492899 0.037594 0.056552
0 0.437512 0.444220 0.042655 0.069726
0 0.484746 0.431046 0.041209 0.049804
0 0.531618 0.445344 0.039522 0.045627
0 0.561861 0.490971 0.039763 0.048197
0 0.606926 0.465587 0.038317 0.043699
0 0.596443 0.414016 0.042896 0.050447
0 0.528003 0.391684 0.041450 0.055266
0 0.468599 0.372084 0.042655 0.062335
0 0.419077 0.359071 0.044342 0.057516
0 0.345094 0.349753 0.038076 0.058158
0 0.379916 0.311195 0.051330 0.056873
0 0.456068 0.306214 0.046029 0.052696
0 0.293402 0.314247 0.040245 0.061693
0 0.280991 0.241951 0.047233 0.058480
0 0.348347 0.259945 0.051812 0.059122
0 0.405702 0.238899 0.056150 0.055588
0 0.354251 0.183632 0.040968 0.065227
0 0.404376 0.174796 0.050125 0.068119
0 0.461249 0.185881 0.057355 0.067798
0 0.506073 0.160176 0.046270 0.065227
0 0.556198 0.199537 0.045788 0.060407
0 0.605239 0.198734 0.046992 0.065227
0 0.500410 0.249502 0.046992 0.055588
0 0.548005 0.276493 0.043860 0.059443
0 0.509929 0.312641 0.043378 0.057837
0 0.602468 0.285650 0.050125 0.055909
0 0.573911 0.356822 0.045065 0.049804
0 0.627289 0.349271 0.043378 0.071975
0 0.662233 0.594595 0.044824 0.044663
0 0.705972 0.590740 0.038317 0.039522
0 0.731396 0.547523 0.039040 0.048840
0 0.750554 0.490007 0.040727 0.052053
0 0.685367 0.542060 0.040004 0.053981
0 0.644881 0.540132 0.031810 0.059122
0 0.706695 0.475227 0.037835 0.059765
0 0.669703 0.457715 0.033738 0.060086
0 0.708261 0.410803 0.040968 0.058801
0 0.769713 0.424619 0.054945 0.062657
0 0.806463 0.372084 0.052294 0.054624
0 0.752000 0.372566 0.043619 0.058158
0 0.663799 0.384776 0.041691 0.060729
0 0.675607 0.311355 0.045547 0.060407
0 0.727901 0.304929 0.046992 0.053981
0 0.795137 0.301555 0.037835 0.051089
0 0.773087 0.252233 0.040968 0.055909
0 0.772002 0.191665 0.053740 0.062657
0 0.693681 0.245164 0.038317 0.053338
0 0.653798 0.231508 0.045306 0.064585
0 0.780557 0.142825 0.040968 0.033738
0 0.722720 0.130454 0.039040 0.064263