0 0.515351 0.505912 0.030123 0.036309
0 0.479082 0.500129 0.030846 0.044663
0 0.524026 0.458197 0.033015 0.039843
0 0.563548 0.446790 0.036389 0.040165
0 0.597768 0.425101 0.031569 0.050125
0 0.567404 0.488561 0.036389 0.033096
0 0.535955 0.536759 0.028436 0.037594
0 0.520532 0.571782 0.030364 0.042092
0 0.491493 0.540775 0.027714 0.032774
0 0.458237 0.554431 0.029159 0.034381
0 0.438717 0.517480 0.030605 0.037594
0 0.446911 0.472013 0.032533 0.045627
0 0.484143 0.451770 0.035666 0.041771
0 0.496072 0.397789 0.037835 0.043056
0 0.535594 0.401966 0.033497 0.044984
0 0.569814 0.391202 0.033015 0.044663
0 0.454863 0.417711 0.033979 0.052696
0 0.466671 0.362927 0.034943 0.045948
0 0.545113 0.353126 0.034220 0.044342
0 0.589454 0.343166 0.034702 0.048197
0 0.628012 0.350074 0.030846 0.052375
0 0.606685 0.476994 0.031569 0.045306
0 0.591864 0.527922 0.029400 0.040486
0 0.562584 0.564231 0.033015 0.041128
0 0.599214 0.569854 0.035425 0.036309
0 0.574152 0.599415 0.029159 0.031168
0 0.543667 0.602307 0.029882 0.036951
0 0.511736 0.630262 0.028677 0.033096
0 0.504627 0.673961 0.026027 0.035023
0 0.541739 0.682475 0.028918 0.031489
0 0.563669 0.638294 0.031810 0.033738
0 0.602829 0.641026 0.029641 0.038558
0 0.619096 0.610501 0.032774 0.032774
0 0.574031 0.661429 0.032292 0.031810
0 0.580297 0.700630 0.027955 0.028597
0 0.548125 0.705610 0.026268 0.027633
0 0.516676 0.696131 0.026027 0.033738
0 0.528123 0.730191 0.026750 0.031810
0 0.532099 0.761840 0.026991 0.024420
0 0.559090 0.722640 0.027473 0.025705
0 0.584153 0.725371 0.020243 0.023456
0 0.588731 0.740634 0.023617 0.021849
0 0.561741 0.745775 0.023617 0.018636
0 0.606564 0.670908 0.025063 0.023135
0 0.607649 0.695167 0.024822 0.021528
0 0.615361 0.723122 0.025786 0.030525
0 0.637290 0.698220 0.025786 0.026348
0 0.636206 0.667213 0.028436 0.040807
0 0.645363 0.624799 0.030846 0.036309
0 0.670185 0.638455 0.029882 0.032774
0 0.660907 0.680708 0.024340 0.038237
0 0.668257 0.716856 0.023617 0.032132
0 0.691753 0.700469 0.022894 0.029561
0 0.689103 0.677977 0.024340 0.030204
0 0.722720 0.701754 0.024099 0.028918
0 0.715611 0.667695 0.030605 0.028918
0 0.747180 0.670908 0.025304 0.025063
0 0.693922 0.644399 0.025786 0.030525
0 0.708382 0.618694 0.028677 0.033096
0 0.733806 0.644078 0.022653 0.030525
0 0.764291 0.621586 0.030605 0.033738
0 0.772484 0.650665 0.024340 0.021849
0 0.680066 0.597005 0.026027 0.034702
0 0.656328 0.590579 0.035425 0.038558
0 0.634278 0.552824 0.030364 0.035666
0 0.794173 0.620301 0.025786 0.033096
0 0.790076 0.587848 0.025786 0.035666
0 0.748144 0.583349 0.030605 0.031810
0 0.762724 0.549451 0.024581 0.026991
0 0.767664 0.516516 0.032533 0.035023
0 0.729950 0.529850 0.031328 0.031489
0 0.721154 0.577566 0.030123 0.037594
0 0.700308 0.561339 0.030364 0.039843
0 0.678499 0.540936 0.030123 0.042092
0 0.711153 0.513945 0.028436 0.029882
0 0.737300 0.489204 0.020966 0.038879
0 0.719346 0.479886 0.032292 0.045948
0 0.736698 0.436829 0.025545 0.044020
0 0.713201 0.423334 0.027714 0.047233
0 0.676571 0.439239 0.035907 0.038558
0 0.673559 0.489364 0.030846 0.041128
0 0.639339 0.461571 0.033738 0.041450
0 0.636326 0.504466 0.039281 0.038558
0 0.640905 0.402448 0.033015 0.046591
0 0.671390 0.362605 0.035184 0.040165
0 0.501494 0.260427 0.037594 0.048519
0 0.569814 0.295129 0.034943 0.053017
0 0.521737 0.311998 0.036630 0.052053
0 0.476913 0.313765 0.038076 0.048519
0 0.451610 0.267496 0.035184 0.058801
0 0.402448 0.276171 0.032292 0.054302
0 0.430403 0.324369 0.037594 0.053017
0 0.377988 0.354572 0.037835 0.051732
0 0.419077 0.383491 0.037112 0.049804
0 0.387387 0.409678 0.031087 0.048840
0 0.421004 0.434419 0.028918 0.043056
0 0.385700 0.450967 0.035907 0.044020
0 0.350998 0.418836 0.038317 0.049804
0 0.327381 0.363248 0.041691 0.045948
0 0.352203 0.323405 0.034943 0.051089
0 0.361240 0.267174 0.036630 0.053660
0 0.318705 0.265889 0.038799 0.052375
0 0.311717 0.315372 0.037835 0.044663
0 0.269183 0.209177 0.036148 0.054624
0 0.213274 0.167245 0.037594 0.062657
0 0.189416 0.216888 0.040004 0.052696
0 0.161100 0.270388 0.037353 0.051089
0 0.152665 0.317782 0.037353 0.048197
0 0.223997 0.285650 0.034943 0.054624
0 0.261591 0.292558 0.038317 0.053017
0 0.251109 0.343969 0.032774 0.050447
0 0.205080 0.337543 0.040968 0.047876
0 0.195200 0.383009 0.030846 0.040486
0 0.225925 0.388150 0.028677 0.044984
0 0.289666 0.372727 0.029882 0.046912
0 0.269785 0.406144 0.029159 0.043699
0 0.307259 0.421888 0.034702 0.044342
0 0.276292 0.456269 0.028195 0.043056
0 0.308463 0.464302 0.032292 0.037273
0 0.231227 0.435865 0.034461 0.045948
0 0.202429 0.446147 0.028918 0.044663
0 0.199176 0.493863 0.027714 0.043056
0 0.248940 0.511375 0.024581 0.039522
0 0.227974 0.498040 0.021689 0.041128
0 0.207369 0.540454 0.032051 0.039201
0 0.233516 0.573710 0.027473 0.038237
0 0.253639 0.549772 0.033015 0.035987
0 0.296776 0.522139 0.030123 0.035987
0 0.351721 0.470246 0.030605 0.045306
0 0.337141 0.499486 0.029400 0.040807
0 0.328224 0.550575 0.029400 0.038879
0 0.299667 0.569693 0.027714 0.039201
0 0.285811 0.600700 0.031328 0.040165
0 0.284365 0.630583 0.023617 0.031168
0 0.317380 0.607287 0.029882 0.036630
0 0.318103 0.655164 0.030364 0.033417
0 0.333406 0.694203 0.027232 0.037594
0 0.350154 0.662233 0.027955 0.028918
0 0.363890 0.534991 0.029400 0.037273
0 0.355697 0.590418 0.029882 0.040807
0 0.349070 0.623193 0.029641 0.035666
0 0.378832 0.501253 0.037594 0.039843
0 0.414498 0.482938 0.029882 0.044984
0 0.401966 0.532742 0.031810 0.039843
0 0.394255 0.576602 0.034220 0.041450
0 0.428837 0.562303 0.028195 0.033417
0 0.486553 0.583349 0.029882 0.042735
0 0.453417 0.595399 0.029159 0.038558
0 0.416787 0.601664 0.029641 0.038879
0 0.381965 0.618534 0.035184 0.034060
0 0.382687 0.665606 0.031810 0.036309
0 0.366059 0.697738 0.027955 0.031168
0 0.353167 0.723122 0.029641 0.031168
0 0.376904 0.747060 0.027473 0.028918
0 0.391243 0.726335 0.031569 0.029240
0 0.408714 0.692758 0.032774 0.031489
0 0.414739 0.641990 0.029882 0.032774
0 0.439801 0.662875 0.029882 0.029561
0 0.441006 0.699987 0.028436 0.030525
0 0.423535 0.727138 0.029641 0.032132
0 0.411003 0.745453 0.026750 0.024420
0 0.447031 0.630583 0.026509 0.029882
0 0.476070 0.626406 0.030605 0.035666
0 0.472094 0.664964 0.029882 0.032453
0 0.473660 0.693721 0.030123 0.025705
0 0.493421 0.726978 0.029641 0.029240
0 0.456671 0.743044 0.031328 0.030525
0 0.441006 0.755414 0.023617 0.021207
0 0.469322 0.760716 0.025786 0.029240
0 0.500771 0.760877 0.026027 0.025705
0 0.508844 0.791884 0.028195 0.028597
0 0.480528 0.782405 0.024099 0.025063
0 0.453899 0.778388 0.025304 0.024099