0 0.564396 0.288004 0.014584 0.020309
0 0.597615 0.288869 0.015556 0.024631
0 0.505088 0.309394 0.015880 0.017285
0 0.538307 0.316740 0.016204 0.021606
0 0.562775 0.336833 0.013288 0.020309
0 0.583841 0.312851 0.012639 0.019877
0 0.521617 0.332296 0.014584 0.018149
0 0.545599 0.338994 0.017177 0.023766
0 0.491152 0.328407 0.017177 0.022470
0 0.480134 0.350877 0.017177 0.018149
0 0.500389 0.357791 0.014908 0.019013
0 0.519186 0.358223 0.015556 0.020742
0 0.546409 0.365785 0.016204 0.020309
0 0.563100 0.371619 0.012639 0.019013
0 0.429738 0.354550 0.017501 0.018581
0 0.455665 0.349149 0.016852 0.019877
0 0.482402 0.373131 0.016528 0.018581
0 0.437354 0.378533 0.018473 0.018149
0 0.459554 0.374211 0.019445 0.020742
0 0.465712 0.396681 0.017501 0.016420
0 0.511246 0.381989 0.019121 0.020742
0 0.530043 0.379829 0.015232 0.020742
0 0.548840 0.392576 0.014584 0.021174
0 0.492287 0.397330 0.016204 0.019445
0 0.520968 0.404243 0.013936 0.015988
0 0.543654 0.417855 0.017825 0.020742
0 0.443350 0.403163 0.016204 0.023334
0 0.461012 0.420448 0.015232 0.019013
0 0.485643 0.421096 0.015232 0.021174
0 0.503144 0.422824 0.013936 0.019445
0 0.522103 0.427578 0.015556 0.019445
0 0.541224 0.441837 0.014260 0.019445
0 0.564396 0.425417 0.017177 0.022902
0 0.567475 0.390200 0.014908 0.010371
0 0.578980 0.361032 0.011991 0.015988
0 0.588054 0.338130 0.018473 0.018581
0 0.605717 0.317172 0.018149 0.019013
0 0.418557 0.373563 0.013936 0.015124
0 0.399922 0.377020 0.018149 0.021174
0 0.412075 0.407700 0.009398 0.017717
0 0.426011 0.396897 0.013288 0.016852
0 0.394089 0.403595 0.017501 0.023334
0 0.368972 0.393440 0.019121 0.023766
0 0.372861 0.418287 0.017177 0.019877
0 0.356009 0.405972 0.013936 0.020309
0 0.330082 0.427578 0.017177 0.018581
0 0.370754 0.452856 0.014908 0.017285
0 0.391334 0.425201 0.013936 0.017285
0 0.389065 0.449831 0.014584 0.018149
0 0.405756 0.441189 0.015556 0.019013
0 0.438002 0.427362 0.017177 0.020742
0 0.454855 0.440973 0.016528 0.020309
0 0.349527 0.439461 0.016528 0.021606
0 0.335267 0.460202 0.017177 0.020742
0 0.353578 0.463443 0.016204 0.018581
0 0.429414 0.449183 0.014908 0.018581
0 0.416289 0.465820 0.011991 0.015556
0 0.463443 0.462795 0.017501 0.018149
0 0.475920 0.446158 0.011991 0.017717
0 0.396681 0.475974 0.016852 0.017717
0 0.381125 0.489802 0.017501 0.017717
0 0.360060 0.488074 0.016204 0.017717
0 0.339804 0.483752 0.015880 0.017717
0 0.323924 0.469277 0.013936 0.025927
0 0.321655 0.498228 0.017177 0.021606
0 0.321817 0.519402 0.014260 0.019013
0 0.347906 0.512056 0.019121 0.021606
0 0.333485 0.538415 0.014260 0.021606
0 0.351147 0.538199 0.014584 0.019445
0 0.370430 0.509031 0.014908 0.017285
0 0.403487 0.498660 0.016852 0.024198
0 0.387445 0.521346 0.014584 0.019445
0 0.370268 0.536903 0.016528 0.024631
0 0.419854 0.488074 0.013288 0.018581
0 0.437030 0.479215 0.016528 0.024198
0 0.312095 0.547273 0.018149 0.019445
0 0.307234 0.567367 0.016852 0.016420
0 0.326517 0.566502 0.017825 0.015556
0 0.344828 0.561101 0.016852 0.017717
0 0.368324 0.562397 0.017177 0.015988
0 0.385662 0.547273 0.011019 0.022038
0 0.333323 0.584867 0.015880 0.012531
0 0.351147 0.583355 0.011343 0.015556
0 0.368324 0.581843 0.013936 0.015124
0 0.305451 0.613171 0.014584 0.021606
0 0.320521 0.626350 0.012315 0.019445
0 0.329758 0.603448 0.011343 0.017717
0 0.344504 0.601504 0.011019 0.015556
0 0.363625 0.597615 0.014908 0.011235
0 0.390848 0.580330 0.014908 0.020742
0 0.404135 0.564558 0.015556 0.019445
0 0.399112 0.538631 0.015880 0.022902
0 0.417261 0.533014 0.013936 0.019445
0 0.418557 0.505574 0.011343 0.018149
0 0.434599 0.504062 0.014908 0.021174
0 0.451452 0.508383 0.014908 0.017717
0 0.456961 0.485481 0.018149 0.015988
0 0.476407 0.482888 0.016852 0.017717
0 0.467332 0.504494 0.014260 0.021174
0 0.484671 0.516377 0.014584 0.020742
0 0.436058 0.530853 0.015232 0.022902
0 0.453558 0.539279 0.011991 0.020742
0 0.471545 0.530853 0.013612 0.018581
0 0.423256 0.556564 0.015556 0.017285
0 0.441729 0.559589 0.014908 0.019877
0 0.426011 0.577089 0.017177 0.015124
0 0.408673 0.587244 0.012963 0.016420
0 0.325707 0.650333 0.017501 0.016420
0 0.353254 0.620733 0.014908 0.012531
0 0.371241 0.616628 0.012639 0.015556
0 0.382908 0.605177 0.011991 0.019445
0 0.398302 0.610362 0.014908 0.019445
0 0.343855 0.651629 0.016204 0.015556
0 0.331540 0.687062 0.017501 0.018149
0 0.365731 0.644499 0.017825 0.014260
0 0.363625 0.661352 0.014260 0.010803
0 0.346934 0.671938 0.016528 0.011235
0 0.364273 0.675179 0.014908 0.013396
0 0.350013 0.693544 0.015556 0.015556
0 0.342721 0.712557 0.015232 0.016420
0 0.352444 0.732218 0.013936 0.017717
0 0.360546 0.708668 0.013936 0.021606
0 0.368486 0.743021 0.013612 0.016852
0 0.370106 0.723360 0.011019 0.019877
0 0.376750 0.690735 0.015880 0.017717
0 0.382097 0.666969 0.014908 0.017717
0 0.385014 0.640394 0.013612 0.016420
0 0.393927 0.654654 0.012639 0.012099
0 0.405270 0.634128 0.016528 0.018581
0 0.411913 0.652925 0.013612 0.016420
0 0.424715 0.634561 0.013936 0.017717
0 0.433141 0.612307 0.013936 0.018149
0 0.438164 0.597831 0.016852 0.018581
0 0.451938 0.578818 0.017825 0.020309
0 0.396357 0.675611 0.014260 0.016852
0 0.400894 0.702403 0.016204 0.017717
0 0.411751 0.684686 0.015880 0.017717
0 0.386959 0.730490 0.012963 0.015124
0 0.414830 0.712773 0.013612 0.015988
0 0.432169 0.654222 0.015880 0.019013
0 0.431197 0.717959 0.013936 0.018581
0 0.434437 0.694408 0.016528 0.020742
0 0.437516 0.672803 0.017501 0.018149
0 0.442053 0.626566 0.011667 0.015556
0 0.457610 0.615331 0.015556 0.019013
0 0.459068 0.634561 0.015880 0.018581
0 0.451452 0.650117 0.016204 0.015124
0 0.457285 0.674099 0.016204 0.017285
0 0.455341 0.692032 0.016852 0.015124
0 0.446591 0.713638 0.014260 0.016852
0 0.461823 0.707804 0.012315 0.019877
0 0.477217 0.699378 0.014584 0.012531
0 0.479161 0.715582 0.015880 0.019013
0 0.496662 0.707372 0.014584 0.018149
0 0.512704 0.701322 0.012963 0.020742
0 0.505574 0.447023 0.021390 0.020309
0 0.490666 0.462579 0.014260 0.020309
0 0.493907 0.486129 0.014908 0.023334
0 0.506709 0.469493 0.015232 0.018581
0 0.526640 0.458474 0.014260 0.019877
0 0.460688 0.563046 0.015880 0.018149
0 0.476731 0.553323 0.016852 0.020309
0 0.504116 0.528908 0.015880 0.020742
0 0.505088 0.500821 0.017177 0.019877
0 0.519672 0.495420 0.013288 0.019445
0 0.532798 0.477919 0.014908 0.020742
0 0.549488 0.461283 0.014584 0.020309
0 0.671344 0.320629 0.016528 0.019013
0 0.648658 0.308962 0.021066 0.024198
0 0.626945 0.322358 0.018473 0.022470
0 0.473328 0.578170 0.015880 0.018149
0 0.473814 0.595670 0.016204 0.017717
0 0.474300 0.619653 0.013288 0.017285
0 0.476244 0.641690 0.015880 0.015556
0 0.481106 0.661568 0.015880 0.016420
0 0.491963 0.674531 0.018149 0.019013
0 0.500389 0.660055 0.015556 0.014260
0 0.528746 0.689007 0.013936 0.019445
0 0.516917 0.670642 0.014908 0.018149
0 0.515621 0.650333 0.012315 0.016420
0 0.493907 0.642987 0.014260 0.016420
0 0.508815 0.634777 0.013612 0.017285
0 0.490018 0.621165 0.013612 0.017717
0 0.496500 0.606689 0.014260 0.018149
0 0.513838 0.614467 0.016528 0.018149
0 0.491801 0.568663 0.014584 0.016420
0 0.500551 0.548786 0.015880 0.017285
0 0.533122 0.669778 0.014260 0.017285
0 0.501685 0.587460 0.016204 0.019445
0 0.508653 0.567799 0.016528 0.017285
0 0.517728 0.546409 0.014584 0.015988
0 0.529881 0.627215 0.014908 0.016852
0 0.531987 0.649685 0.012639 0.017717
0 0.563100 0.639746 0.013288 0.017717
0 0.548678 0.654438 0.012315 0.013396
0 0.545275 0.635857 0.013936 0.012531
0 0.523843 0.524502 0.014840 0.019457
0 0.520998 0.585840 0.016571 0.018137
0 0.538559 0.605131 0.014592 0.012531
0 0.539053 0.587983 0.014098 0.019127
0 0.534601 0.507684 0.015087 0.021435
0 0.574298 0.609748 0.014840 0.021105
0 0.593589 0.603153 0.012861 0.020446
0 0.609666 0.587818 0.013356 0.018797
0 0.554635 0.574792 0.016571 0.019786
0 0.554017 0.593095 0.013850 0.013521
0 0.535714 0.558963 0.014345 0.016489
0 0.544371 0.545443 0.016324 0.017808
0 0.545731 0.524667 0.015582 0.020446
0 0.553646 0.496471 0.015582 0.020116
0 0.564281 0.529614 0.014592 0.020446
0 0.562426 0.553852 0.016818 0.018797
0 0.571577 0.577925 0.012366 0.018137
0 0.585922 0.574792 0.013850 0.019786
0 0.607563 0.564899 0.016076 0.017808
0 0.626113 0.575287 0.014098 0.017478
0 0.624753 0.555501 0.015829 0.015499
0 0.622527 0.539342 0.016818 0.015499
0 0.639469 0.537198 0.012614 0.015829
0 0.649362 0.519555 0.018550 0.016159
0 0.576647 0.539672 0.010140 0.012861
0 0.582459 0.528624 0.013356 0.018467
0 0.600143 0.526481 0.015582 0.017478
0 0.617209 0.506859 0.011130 0.018467
0 0.610160 0.500923 0.013850 0.023084
0 0.588395 0.503562 0.016818 0.017148
0 0.571206 0.503562 0.014592 0.019786
0 0.570588 0.481961 0.013850 0.020116
0 0.586293 0.482951 0.012614 0.016818
0 0.566383 0.453436 0.014345 0.021765
0 0.584809 0.453601 0.015582 0.019457
0 0.602493 0.462835 0.013850 0.019457
0 0.619311 0.477510 0.015334 0.019786
0 0.630318 0.506694 0.011624 0.016159
0 0.638356 0.489216 0.016324 0.022754
0 0.582583 0.427714 0.014098 0.019786
0 0.597546 0.410731 0.016324 0.021435
0 0.597917 0.385503 0.016571 0.021765
0 0.681886 0.508508 0.018797 0.019127
0 0.691779 0.487732 0.015829 0.019127
0 0.659873 0.499110 0.017313 0.018797
0 0.651712 0.473552 0.015829 0.025063
0 0.623516 0.456569 0.016818 0.016159
0 0.614612 0.443708 0.013356 0.016159
0 0.600020 0.433815 0.014345 0.017478
0 0.616343 0.418975 0.015334 0.018137
0 0.631431 0.434639 0.013850 0.016489
0 0.643302 0.452612 0.017808 0.018797
0 0.601627 0.358792 0.017066 0.020446
0 0.618817 0.344612 0.016324 0.022424
0 0.649362 0.340819 0.017066 0.019457
0 0.634893 0.352856 0.012861 0.019786
0 0.663583 0.349063 0.013850 0.016818
0 0.680278 0.340654 0.013108 0.021105
0 0.704640 0.364068 0.012861 0.019127
0 0.682133 0.367531 0.018302 0.018797
0 0.698209 0.392264 0.013850 0.018797
0 0.715399 0.405619 0.018550 0.017148
0 0.621661 0.374126 0.017066 0.019457
0 0.645108 0.369509 0.010536 0.020776
0 0.662965 0.381381 0.015582 0.026052
0 0.681638 0.400343 0.016324 0.021765
0 0.614118 0.396386 0.013356 0.021105
0 0.635759 0.392593 0.017066 0.019457
0 0.650228 0.393418 0.009893 0.018467
0 0.632049 0.411061 0.015582 0.014180
0 0.649980 0.431342 0.015829 0.020446
0 0.664078 0.416502 0.012861 0.021765
0 0.681886 0.432661 0.013850 0.023084
0 0.701177 0.436618 0.016324 0.023744
0 0.689924 0.456239 0.015087 0.020776
0 0.664202 0.445357 0.015582 0.016818
0 0.671745 0.466132 0.013356 0.019457