0 0.421968 0.218656 0.038076 0.062657
0 0.471491 0.200180 0.046029 0.072617
0 0.522821 0.209980 0.041691 0.072939
0 0.570416 0.207731 0.040004 0.069083
0 0.492939 0.276011 0.044583 0.059765
0 0.449441 0.289345 0.037112 0.054302
0 0.404015 0.277938 0.039281 0.057194
0 0.359071 0.247413 0.043378 0.071332
0 0.539450 0.282758 0.042655 0.058480
0 0.503422 0.336739 0.040004 0.057837
0 0.464382 0.353769 0.031810 0.057837
0 0.419799 0.348146 0.042896 0.057516
0 0.379555 0.324047 0.034220 0.053660
0 0.564753 0.331598 0.040727 0.052053
0 0.610541 0.302680 0.045065 0.057194
0 0.628976 0.211747 0.050125 0.077758
0 0.673438 0.225403 0.039281 0.061371
0 0.719828 0.255125 0.041450 0.062335
0 0.748506 0.316014 0.046270 0.057516
0 0.668016 0.289184 0.045788 0.061693
0 0.632953 0.346539 0.043137 0.054302
0 0.672474 0.365176 0.037835 0.054945
0 0.538245 0.378028 0.036389 0.054302
0 0.577405 0.387186 0.038076 0.049483
0 0.619457 0.404698 0.036871 0.045306
0 0.650304 0.433455 0.037353 0.049483
0 0.695489 0.417229 0.039522 0.044663
0 0.736095 0.388150 0.038799 0.052053
0 0.787184 0.376743 0.036389 0.051089
0 0.817187 0.400039 0.030846 0.049483
0 0.767182 0.426065 0.039281 0.041771
0 0.795016 0.453216 0.037112 0.045948
0 0.830923 0.510089 0.032774 0.035666
0 0.718382 0.453056 0.040968 0.043056
0 0.748265 0.480850 0.031328 0.043378
0 0.775135 0.496112 0.035907 0.041128
0 0.915389 0.571300 0.037353 0.039843
0 0.835743 0.562946 0.036148 0.040486
0 0.874783 0.597969 0.034220 0.028918
0 0.873337 0.635081 0.035666 0.033096
0 0.809596 0.603753 0.038317 0.029561
0 0.828875 0.612750 0.035425 0.030846
0 0.824899 0.648416 0.036148 0.032774
0 0.770918 0.609697 0.023617 0.024741
0 0.773810 0.560054 0.034220 0.030846
0 0.751157 0.593150 0.034220 0.035987
0 0.735613 0.580297 0.032533 0.037915
0 0.775617 0.647291 0.026750 0.035023
0 0.784654 0.684725 0.029400 0.026991
0 0.754531 0.697417 0.029400 0.031810
0 0.736095 0.726817 0.029159 0.024420
0 0.751277 0.645524 0.020966 0.033417
0 0.725612 0.539008 0.032774 0.038237
0 0.714406 0.653718 0.032051 0.031168
0 0.721395 0.681672 0.030605 0.022813
0 0.692958 0.696292 0.029159 0.033417
0 0.698260 0.720069 0.027232 0.023135
0 0.664763 0.732922 0.028677 0.028918
0 0.681511 0.619337 0.037112 0.032453
0 0.674161 0.463498 0.041691 0.034381
0 0.686693 0.508483 0.034943 0.042735
0 0.687416 0.561179 0.035425 0.038237
0 0.651509 0.538044 0.032051 0.041450
0 0.644399 0.497879 0.036148 0.037594
0 0.615842 0.468158 0.038317 0.043699
0 0.578008 0.450485 0.038799 0.047555
0 0.571139 0.494184 0.039522 0.037273
0 0.606083 0.525512 0.033738 0.036309
0 0.621867 0.570336 0.030123 0.032774
0 0.611264 0.602307 0.033015 0.028597
0 0.584996 0.568890 0.031087 0.033096
0 0.655244 0.663196 0.023617 0.029561
0 0.635724 0.641347 0.031810 0.035345
0 0.598612 0.641668 0.027955 0.034702
0 0.610300 0.670587 0.030123 0.024420
0 0.644038 0.709948 0.032051 0.028597
0 0.623434 0.735332 0.029400 0.034381
0 0.580176 0.752362 0.025786 0.022813
0 0.595238 0.703522 0.032292 0.017672
0 0.579574 0.685528 0.029400 0.020243
0 0.564030 0.708823 0.027232 0.026348
0 0.576923 0.598291 0.030364 0.037915
0 0.566440 0.651629 0.028677 0.025705
0 0.547643 0.723122 0.020002 0.027955
0 0.526075 0.710912 0.024581 0.029240
0 0.521496 0.727138 0.027955 0.024420
0 0.487999 0.733083 0.025545 0.020243
0 0.490168 0.704646 0.027473 0.026348
0 0.538245 0.678459 0.032051 0.018958
0 0.533184 0.658537 0.030123 0.026027
0 0.549692 0.622389 0.027955 0.030204
0 0.497277 0.404376 0.036871 0.043378
0 0.535835 0.445183 0.036389 0.045948
0 0.531497 0.490971 0.034461 0.041128
0 0.552463 0.534027 0.032533 0.031489
0 0.545354 0.580940 0.030846 0.037273
0 0.519689 0.552664 0.026750 0.039201
0 0.506796 0.616124 0.033738 0.032453
0 0.502940 0.640383 0.030846 0.018636
0 0.503302 0.661108 0.027232 0.021528
0 0.411244 0.757181 0.033015 0.040807
0 0.396544 0.704486 0.027714 0.022813
0 0.429318 0.690026 0.025304 0.022813
0 0.460647 0.681351 0.022412 0.018958
0 0.474022 0.662875 0.025545 0.021207
0 0.441368 0.662875 0.026750 0.027633
0 0.458237 0.638776 0.029641 0.029561
0 0.473781 0.620943 0.031810 0.032453
0 0.480287 0.583831 0.028918 0.037273
0 0.498241 0.515391 0.030605 0.043056
0 0.498361 0.454984 0.028918 0.041771
0 0.467033 0.497719 0.032292 0.045627
0 0.457634 0.545113 0.031328 0.042735
0 0.441850 0.589133 0.031569 0.035666
0 0.435946 0.612750 0.021689 0.010925
0 0.417028 0.638455 0.026268 0.028276
0 0.408955 0.665928 0.024099 0.025384
0 0.380880 0.665446 0.028677 0.028918
0 0.389556 0.647131 0.028677 0.026348
0 0.399075 0.610822 0.028918 0.031489
0 0.410160 0.582385 0.029400 0.030525
0 0.354612 0.687938 0.024822 0.038558
0 0.320513 0.703682 0.022171 0.026348
0 0.333767 0.659341 0.023617 0.028918
0 0.361360 0.621586 0.024822 0.027955
0 0.368108 0.582385 0.025786 0.029882
0 0.390038 0.537562 0.029641 0.043699
0 0.423776 0.541739 0.033015 0.043699
0 0.404617 0.491453 0.031328 0.039522
0 0.431126 0.469764 0.033256 0.035987
0 0.463057 0.432170 0.033979 0.041771
0 0.432572 0.395861 0.038558 0.049483
0 0.408594 0.431367 0.032533 0.044020
0 0.378711 0.445344 0.035425 0.045627
0 0.384856 0.388150 0.040004 0.050768
0 0.348226 0.405501 0.036148 0.041771
0 0.331839 0.342523 0.040968 0.048840
0 0.320272 0.285489 0.040486 0.053660
0 0.339310 0.457875 0.036630 0.047555
0 0.366782 0.497879 0.033256 0.031810
0 0.330032 0.497879 0.034461 0.031810
0 0.287618 0.482777 0.047956 0.051732
0 0.347142 0.547523 0.029641 0.037273
0 0.315693 0.546077 0.026509 0.038237
0 0.282678 0.536919 0.027955 0.037915
0 0.334611 0.589294 0.026750 0.036630
0 0.311476 0.622550 0.026750 0.026669
0 0.285690 0.658537 0.033015 0.031810
0 0.277738 0.304126 0.033979 0.056230
0 0.295812 0.359392 0.034943 0.052375
0 0.301354 0.414016 0.037835 0.047233
0 0.251832 0.404858 0.038076 0.052053
0 0.221829 0.357946 0.034461 0.046912
0 0.248458 0.324851 0.036630 0.052696
0 0.196043 0.409517 0.032051 0.045948
0 0.196525 0.447593 0.022894 0.029561
0 0.228094 0.463980 0.032533 0.044342
0 0.204237 0.491453 0.033979 0.044020
0 0.250145 0.489846 0.022653 0.026027
0 0.242192 0.523103 0.033256 0.039201
0 0.224720 0.555234 0.030605 0.043056
0 0.206646 0.587045 0.025304 0.037273
0 0.233998 0.616606 0.030846 0.030846
0 0.264363 0.568408 0.034220 0.038558
0 0.299667 0.579815 0.031087 0.031168
0 0.278099 0.611143 0.026991 0.037273
0 0.257736 0.639580 0.023376 0.026027