0 0.147019 0.315073 0.055048 0.053706
0 0.237983 0.324919 0.054377 0.050125
0 0.249396 0.248836 0.057062 0.057286
0 0.305115 0.213480 0.054377 0.063552
0 0.293703 0.109649 0.053034 0.054601
0 0.233620 0.142768 0.056391 0.070712
0 0.403128 0.118153 0.049006 0.069817
0 0.363520 0.190208 0.049006 0.065342
0 0.419240 0.210795 0.050349 0.059971
0 0.471267 0.162907 0.048335 0.066237
0 0.547462 0.182152 0.043636 0.076083
0 0.491743 0.239885 0.046321 0.068027
0 0.433002 0.292248 0.048335 0.063552
0 0.397422 0.354905 0.044307 0.061762
0 0.368555 0.270319 0.051020 0.071608
0 0.311493 0.304332 0.052363 0.059076
0 0.337675 0.378625 0.051020 0.062657
0 0.275242 0.384891 0.051020 0.055496
0 0.204417 0.393394 0.051692 0.061762
0 0.174879 0.452918 0.050349 0.062657
0 0.237983 0.465449 0.049006 0.064447
0 0.310486 0.446652 0.053034 0.053706
0 0.372248 0.442624 0.049006 0.058181
0 0.427967 0.430093 0.046321 0.070712
0 0.454820 0.358485 0.047664 0.054601
0 0.498792 0.318654 0.041622 0.051916
0 0.554847 0.283745 0.053034 0.057286
0 0.200054 0.520945 0.037594 0.064447
0 0.242347 0.550036 0.046992 0.051020
0 0.207774 0.596581 0.049006 0.058181
0 0.261144 0.630594 0.044307 0.058181
0 0.295381 0.578679 0.051020 0.065342
0 0.339017 0.507966 0.053706 0.052811
0 0.400779 0.523631 0.048335 0.068027
0 0.369898 0.574651 0.046992 0.051916
0 0.333311 0.617615 0.043636 0.048335
0 0.355465 0.693251 0.047664 0.067132
0 0.408163 0.699517 0.045650 0.067132
0 0.387352 0.632832 0.042965 0.048335
0 0.439715 0.641335 0.041622 0.054601
0 0.446429 0.746509 0.044307 0.064447
0 0.500470 0.669979 0.042293 0.056391
0 0.558204 0.734425 0.043636 0.058181
0 0.429981 0.570175 0.042293 0.050125
0 0.457170 0.499463 0.049678 0.059076
0 0.483016 0.415772 0.043636 0.054601
0 0.543434 0.372807 0.051692 0.065342
0 0.590427 0.344164 0.042293 0.059971
0 0.671992 0.307018 0.052363 0.069817
0 0.483016 0.606427 0.039608 0.051020
0 0.500134 0.557197 0.044307 0.047440
0 0.556190 0.531239 0.049006 0.052811
0 0.511211 0.483799 0.042293 0.068922
0 0.554511 0.441729 0.044307 0.059971
0 0.616273 0.409953 0.049678 0.060866
0 0.671321 0.390709 0.045650 0.056391
0 0.751880 0.366541 0.042965 0.063552
0 0.793502 0.420695 0.045650 0.064447
0 0.740803 0.442624 0.050349 0.056391
0 0.663937 0.462764 0.046992 0.060866
0 0.600832 0.487379 0.046992 0.065342
0 0.590427 0.591210 0.042293 0.063552
0 0.537393 0.600161 0.039608 0.052811
0 0.594119 0.678929 0.046992 0.067132
0 0.649168 0.659685 0.051020 0.068027
0 0.654538 0.571071 0.049678 0.068027
0 0.696160 0.516022 0.044307 0.063552
0 0.765306 0.499015 0.048335 0.061762
0 0.860634 0.499015 0.036251 0.063552
0 0.906619 0.568833 0.036923 0.058181
0 0.854927 0.631042 0.047664 0.050125
0 0.818340 0.558092 0.042965 0.059971
0 0.780411 0.618511 0.043636 0.062657
0 0.797865 0.674902 0.034237 0.048335
0 0.744160 0.672216 0.050349 0.055496
0 0.744160 0.572861 0.039608 0.066237
0 0.699181 0.612692 0.043636 0.061762
0 0.773362 0.748747 0.042965 0.063552
0 0.705894 0.718761 0.051692 0.059076
0 0.644133 0.745166 0.050349 0.070712
0 0.740132 0.817669 0.053034 0.063552
0 0.674678 0.876298 0.048335 0.060866