0 0.366421 0.865144 0.025786 0.033096
0 0.335575 0.862573 0.027232 0.031168
0 0.315814 0.829799 0.026268 0.035023
0 0.287739 0.844579 0.027955 0.034381
0 0.415582 0.836868 0.026268 0.037594
0 0.451128 0.851488 0.030846 0.039201
0 0.384254 0.808110 0.027232 0.040486
0 0.348949 0.791402 0.027955 0.038558
0 0.277376 0.786261 0.029882 0.037915
0 0.276774 0.742883 0.030123 0.037273
0 0.244843 0.752040 0.028436 0.039522
0 0.293643 0.700308 0.027714 0.029240
0 0.328224 0.734850 0.026509 0.033417
0 0.344612 0.697738 0.030364 0.042735
0 0.437633 0.804736 0.026509 0.035023
0 0.406304 0.772926 0.029400 0.036951
0 0.440283 0.754611 0.031810 0.040807
0 0.471853 0.790116 0.028918 0.034060
0 0.505470 0.851809 0.031087 0.037915
0 0.560777 0.828192 0.028436 0.036951
0 0.536558 0.806021 0.027714 0.036951
0 0.609215 0.868357 0.027473 0.040165
0 0.639700 0.853737 0.023858 0.035987
0 0.619457 0.815340 0.029641 0.047233
0 0.675366 0.827068 0.024822 0.035345
0 0.581381 0.782083 0.030123 0.046912
0 0.618132 0.759431 0.029882 0.036309
0 0.542944 0.746417 0.029882 0.034060
0 0.541859 0.700790 0.032051 0.043056
0 0.511254 0.754129 0.031569 0.044984
0 0.475227 0.740794 0.033738 0.038879
0 0.489204 0.694043 0.031328 0.037915
0 0.570175 0.670265 0.030846 0.038558
0 0.604637 0.681672 0.032774 0.041450
0 0.638375 0.671069 0.029882 0.035023
0 0.392447 0.707859 0.030605 0.037915
0 0.431487 0.702397 0.030605 0.039201
0 0.451369 0.657091 0.031810 0.046270
0 0.489927 0.651950 0.033738 0.038558
0 0.511616 0.621104 0.034220 0.034060
0 0.534509 0.646167 0.029400 0.041771
0 0.416787 0.661269 0.033015 0.037915
0 0.376301 0.663839 0.031569 0.041128
0 0.233757 0.698541 0.026991 0.030204
0 0.238457 0.649380 0.028677 0.042414
0 0.270026 0.648577 0.028677 0.038879
0 0.319910 0.653557 0.028195 0.035987
0 0.197971 0.651790 0.036871 0.038237
0 0.146520 0.590900 0.027955 0.046912
0 0.199417 0.585920 0.033497 0.038237
0 0.228938 0.557644 0.027955 0.037594
0 0.238216 0.598291 0.029641 0.043699
0 0.274846 0.592186 0.029641 0.040486
0 0.316778 0.599415 0.033979 0.041450
0 0.353528 0.624157 0.026509 0.042092
0 0.343286 0.574513 0.029641 0.039201
0 0.381603 0.598291 0.033015 0.043699
0 0.421486 0.608412 0.032292 0.042092
0 0.408232 0.558769 0.029882 0.037915
0 0.447272 0.565356 0.027955 0.036309
0 0.462816 0.602628 0.031569 0.035666
0 0.302559 0.553788 0.029159 0.036951
0 0.327622 0.523424 0.032533 0.038558
0 0.370156 0.520532 0.029400 0.034060
0 0.430764 0.513624 0.032533 0.044020
0 0.467635 0.507679 0.032051 0.040486
0 0.263881 0.530493 0.036630 0.041128
0 0.225202 0.502860 0.033015 0.043056
0 0.186524 0.506394 0.034220 0.048840
0 0.215201 0.460285 0.037112 0.040165
0 0.174475 0.454341 0.033256 0.044342
0 0.260146 0.474102 0.031087 0.040165
0 0.292920 0.498201 0.029641 0.040165
0 0.307018 0.454502 0.030846 0.040165
0 0.346298 0.482938 0.030364 0.043056
0 0.234480 0.412088 0.031328 0.044020
0 0.270026 0.415622 0.032533 0.047876
0 0.182066 0.391202 0.039281 0.039522
0 0.217250 0.367264 0.032051 0.037273
0 0.252554 0.361802 0.034220 0.035987
0 0.291835 0.383491 0.033738 0.043378
0 0.181343 0.336097 0.032533 0.045627
0 0.219539 0.320352 0.034220 0.039201
0 0.268339 0.290630 0.031087 0.042092
0 0.296655 0.322762 0.033256 0.044663
0 0.339189 0.344933 0.031087 0.045306
0 0.220985 0.252072 0.030364 0.044663
0 0.286534 0.250948 0.032774 0.044984
0 0.320874 0.277778 0.033015 0.051732
0 0.222672 0.198895 0.029882 0.041771
0 0.265568 0.195842 0.032774 0.050447
0 0.270869 0.142664 0.032292 0.044342
0 0.313404 0.101375 0.037835 0.040807
0 0.307620 0.156642 0.031569 0.044663
0 0.317139 0.219459 0.036148 0.044342
0 0.344732 0.173350 0.033979 0.046591
0 0.354612 0.249984 0.034943 0.046270
0 0.384615 0.295450 0.033738 0.042092
0 0.369554 0.377707 0.030605 0.038237
0 0.392447 0.337061 0.032533 0.036630
0 0.333888 0.415462 0.030605 0.041128
0 0.374735 0.432170 0.037112 0.039201
0 0.387869 0.472335 0.033979 0.042414
0 0.424740 0.449200 0.033015 0.046270
0 0.448838 0.416104 0.033979 0.037915
0 0.409919 0.388311 0.032774 0.042735
0 0.435946 0.353287 0.028918 0.042092
0 0.424860 0.307178 0.036630 0.037915
0 0.458960 0.289666 0.029159 0.036951
0 0.420884 0.245325 0.034461 0.039522
0 0.380037 0.209980 0.035184 0.038879
0 0.395219 0.170137 0.031328 0.041450
0 0.431126 0.197931 0.036630 0.041128
0 0.424860 0.140576 0.041450 0.037594
0 0.401966 0.096716 0.034702 0.040486
0 0.369313 0.128044 0.031569 0.036951
0 0.468358 0.038879 0.029641 0.046270
0 0.460888 0.106195 0.028195 0.047233
0 0.492457 0.129651 0.029159 0.042092
0 0.486432 0.172868 0.033979 0.036630
0 0.470286 0.237613 0.034943 0.046591
0 0.502820 0.215924 0.026268 0.046270
0 0.521858 0.160819 0.031569 0.044663
0 0.540534 0.124189 0.031810 0.042092
0 0.494626 0.287257 0.034943 0.041128
0 0.529569 0.267978 0.028677 0.041771
0 0.475468 0.363409 0.033738 0.044342
0 0.507880 0.333205 0.034461 0.038558
0 0.519689 0.375297 0.030123 0.037273
0 0.494505 0.410803 0.032292 0.037594
0 0.461008 0.463017 0.031810 0.043056
0 0.499807 0.460285 0.035666 0.047876
0 0.535955 0.476994 0.029882 0.042735
0 0.506675 0.512339 0.037353 0.040165
0 0.541980 0.419318 0.039522 0.046270
0 0.562464 0.384455 0.031328 0.050447
0 0.540052 0.322119 0.027955 0.045306
0 0.542462 0.213836 0.030846 0.043378
0 0.565115 0.179134 0.026027 0.040807
0 0.576803 0.236971 0.033497 0.046591
0 0.520653 0.555395 0.030605 0.036309
0 0.557283 0.586402 0.033015 0.041128
0 0.589936 0.580940 0.028918 0.035345
0 0.562464 0.517319 0.030364 0.043056
0 0.582948 0.621586 0.029882 0.040807
0 0.594274 0.717017 0.031810 0.031168
0 0.637049 0.723283 0.032533 0.033417
0 0.669342 0.744489 0.026268 0.041128
0 0.671872 0.702397 0.031810 0.032774
0 0.684644 0.664160 0.030364 0.044342
0 0.712960 0.755575 0.030605 0.040807
0 0.712599 0.817589 0.030846 0.037594
0 0.717298 0.858878 0.031087 0.034060
0 0.747542 0.825622 0.027473 0.035666
0 0.775617 0.862091 0.030605 0.039843
0 0.812849 0.845865 0.031810 0.040807
0 0.829116 0.793972 0.033497 0.039201
0 0.790920 0.802005 0.027473 0.036630
0 0.787546 0.761680 0.030364 0.032453
0 0.821163 0.748345 0.031087 0.033417
0 0.747662 0.784493 0.031087 0.031810
0 0.854058 0.711555 0.031810 0.043378
0 0.859480 0.657895 0.030605 0.045948
0 0.799475 0.705128 0.031087 0.042092
0 0.735613 0.665285 0.031569 0.036309
0 0.774051 0.672675 0.031328 0.041450
0 0.798872 0.616445 0.031328 0.041450
0 0.835743 0.608251 0.030846 0.043699
0 0.876350 0.590097 0.039763 0.034381
0 0.752603 0.615320 0.035666 0.038558
0 0.766821 0.573389 0.033256 0.033096
0 0.728745 0.565838 0.032774 0.034060
0 0.700911 0.608733 0.029641 0.038237
0 0.661630 0.612750 0.033979 0.035345
0 0.620903 0.616927 0.028677 0.035345
0 0.634158 0.577566 0.027714 0.036951
0 0.671149 0.566159 0.024099 0.037915
0 0.642954 0.530654 0.033738 0.045948
0 0.610179 0.506234 0.027955 0.042092
0 0.577526 0.455466 0.031569 0.043378
0 0.617168 0.450325 0.028918 0.034381
0 0.595961 0.409357 0.028436 0.034702
0 0.644399 0.410963 0.026509 0.035987
0 0.671631 0.450325 0.027955 0.031810
0 0.705972 0.449843 0.030605 0.043699
0 0.582345 0.141540 0.027714 0.049804
0 0.618252 0.145556 0.033979 0.043699
0 0.653557 0.107802 0.029882 0.047233
0 0.688741 0.152304 0.029882 0.045627
0 0.721877 0.155999 0.028677 0.042092
0 0.662594 0.188613 0.027714 0.035345
0 0.637411 0.209498 0.034220 0.044342
0 0.598371 0.200983 0.035184 0.039522
0 0.612830 0.268460 0.036148 0.051089
0 0.575718 0.292880 0.031328 0.038879
0 0.595961 0.349271 0.035184 0.042414
0 0.619337 0.367586 0.027955 0.036630
0 0.633194 0.328224 0.034461 0.039522
0 0.654159 0.284686 0.032533 0.042414
0 0.682957 0.230705 0.032774 0.044342
0 0.709586 0.202590 0.034943 0.043378
0 0.765375 0.193754 0.038076 0.048840
0 0.805258 0.264925 0.044101 0.044663
0 0.763688 0.279063 0.031328 0.038879
0 0.735613 0.237613 0.027714 0.038237
0 0.718503 0.264925 0.025304 0.038237
0 0.735734 0.304929 0.034702 0.041771
0 0.688621 0.316978 0.030605 0.039522
0 0.672595 0.361802 0.034702 0.037915
0 0.684644 0.403573 0.031328 0.036630
0 0.736577 0.373209 0.033015 0.039522
0 0.773810 0.324690 0.029400 0.044020
0 0.804656 0.307660 0.029400 0.033096
0 0.741638 0.443256 0.032051 0.038879
0 0.733444 0.511857 0.026750 0.044984
0 0.761640 0.499165 0.027714 0.045306
0 0.799716 0.482135 0.030605 0.038237
0 0.831405 0.359392 0.031328 0.044663
0 0.799595 0.367586 0.029400 0.044342
0 0.771400 0.388632 0.031328 0.042092
0 0.790438 0.425905 0.031810 0.039522
0 0.822730 0.409357 0.028918 0.037273
0 0.847311 0.398753 0.021207 0.034060
0 0.827911 0.461089 0.024822 0.041128
0 0.871168 0.450325 0.029400 0.040165
0 0.889724 0.490328 0.030846 0.037915
0 0.852371 0.506555 0.032292 0.040807
0 0.887796 0.532903 0.036148 0.038879
0 0.845985 0.550896 0.029641 0.038879
0 0.807548 0.519086 0.032292 0.035023