0 0.300257 0.601504 0.013850 0.019786
0 0.312199 0.625281 0.017592 0.019279
0 0.306174 0.644881 0.015182 0.017351
0 0.338587 0.664803 0.017351 0.021849
0 0.334490 0.628976 0.016387 0.017030
0 0.364252 0.719909 0.018074 0.019600
0 0.368951 0.691633 0.015905 0.018315
0 0.367144 0.660626 0.015182 0.023135
0 0.379073 0.625442 0.018315 0.020886
0 0.362204 0.624799 0.015905 0.020243
0 0.359071 0.600700 0.016387 0.020886
0 0.346178 0.580779 0.015664 0.021528
0 0.356420 0.545434 0.016869 0.019600
0 0.397026 0.604878 0.015182 0.021528
0 0.417149 0.613392 0.018315 0.020564
0 0.413895 0.589454 0.017110 0.020886
0 0.385097 0.578369 0.015905 0.021207
0 0.401003 0.570979 0.015423 0.021207
0 0.412088 0.549129 0.013977 0.019922
0 0.392086 0.518926 0.016387 0.021207
0 0.398954 0.491453 0.015182 0.018958
0 0.379073 0.491132 0.014941 0.019600
0 0.372446 0.512339 0.015182 0.020243
0 0.350998 0.486794 0.019038 0.021207
0 0.334972 0.433616 0.018797 0.021528
0 0.351841 0.416426 0.018315 0.018636
0 0.380880 0.423655 0.016628 0.018958
0 0.405461 0.397789 0.017592 0.019922
0 0.407871 0.372566 0.018074 0.020243
0 0.393652 0.357625 0.018074 0.021849
0 0.426788 0.362284 0.016869 0.022813
0 0.445344 0.352484 0.017833 0.019922
0 0.496072 0.317782 0.015182 0.021207
0 0.518845 0.309588 0.017351 0.020886
0 0.548848 0.335615 0.016146 0.024099
0 0.526195 0.346861 0.016628 0.018315
0 0.504868 0.352162 0.016869 0.018636
0 0.508121 0.376422 0.017110 0.018958
0 0.528123 0.378832 0.018074 0.021207
0 0.444983 0.396504 0.018074 0.021849
0 0.476190 0.404858 0.018315 0.023777
0 0.515351 0.400681 0.017110 0.024420
0 0.502458 0.420924 0.016869 0.019922
0 0.487637 0.442131 0.015182 0.020564
0 0.465346 0.424459 0.015905 0.022492
0 0.454261 0.456269 0.016869 0.024420
0 0.452574 0.478600 0.019279 0.020243
0 0.429559 0.476190 0.017592 0.021849
0 0.484264 0.475387 0.019038 0.022171
0 0.468961 0.497558 0.017833 0.024099
0 0.451610 0.512339 0.016387 0.019600
0 0.434018 0.511214 0.016387 0.024420
0 0.431969 0.546880 0.018074 0.019922
0 0.450766 0.534991 0.016146 0.021849
0 0.467394 0.533385 0.016146 0.023777
0 0.484746 0.526476 0.015664 0.020243
0 0.489927 0.498683 0.016869 0.020564
0 0.521496 0.497076 0.018315 0.022492
0 0.427270 0.578208 0.017833 0.020886
0 0.453779 0.588812 0.016869 0.020243
0 0.448356 0.562143 0.018074 0.021528
0 0.469322 0.563267 0.016628 0.022492
0 0.480528 0.591382 0.016869 0.022813
0 0.500892 0.608573 0.018074 0.025063
0 0.512821 0.579815 0.015905 0.024741
0 0.490047 0.565677 0.017592 0.022171
0 0.507398 0.555877 0.015664 0.019922
0 0.532099 0.584795 0.017833 0.021849
0 0.526195 0.551700 0.016628 0.018636
0 0.613553 0.595238 0.015423 0.019600
0 0.561982 0.590258 0.018797 0.022492
0 0.584273 0.584153 0.016628 0.019922
0 0.573067 0.569051 0.017351 0.019279
0 0.553668 0.565356 0.016628 0.020243
0 0.547161 0.522621 0.017110 0.019600
0 0.558729 0.507679 0.016628 0.023135
0 0.572585 0.539329 0.014941 0.020243
0 0.556560 0.542382 0.014218 0.019279
0 0.604396 0.575316 0.016387 0.021528
0 0.627530 0.554913 0.017351 0.021207
0 0.606203 0.548165 0.017592 0.023135
0 0.612710 0.523263 0.019038 0.022813
0 0.590659 0.517640 0.016387 0.018636
0 0.551619 0.482938 0.016387 0.022492
0 0.578971 0.471371 0.017110 0.020564
0 0.597407 0.469925 0.015423 0.017672
0 0.590418 0.494184 0.013495 0.019922
0 0.554993 0.450967 0.018315 0.021528
0 0.571501 0.435705 0.016628 0.024420
0 0.559693 0.416104 0.017592 0.019922
0 0.563187 0.392166 0.017833 0.022813
0 0.581381 0.389114 0.017592 0.020564
0 0.585599 0.414819 0.017351 0.021849
0 0.567766 0.347825 0.016387 0.022171
0 0.582104 0.365497 0.013254 0.018315
0 0.605239 0.309267 0.015182 0.018958
0 0.607528 0.341238 0.017351 0.022492
0 0.609336 0.367746 0.016628 0.021528
0 0.627771 0.353126 0.016387 0.020564
0 0.626446 0.379956 0.018556 0.022813
0 0.636085 0.406144 0.017592 0.021849
0 0.626205 0.438918 0.017110 0.023777
0 0.610300 0.453538 0.016146 0.023456
0 0.606083 0.498522 0.014941 0.019600
0 0.624880 0.491774 0.019279 0.022171
0 0.634519 0.513463 0.017833 0.019922
0 0.650063 0.537241 0.014218 0.019922
0 0.668860 0.534027 0.015664 0.019922
0 0.657654 0.512499 0.015423 0.017994
0 0.661389 0.486794 0.018556 0.019279
0 0.675848 0.474905 0.016628 0.018636
0 0.642833 0.462535 0.015182 0.022171
0 0.659100 0.449521 0.016387 0.021849
0 0.625602 0.317942 0.016869 0.023456
0 0.643436 0.297539 0.015423 0.016708
0 0.680427 0.277778 0.014218 0.021528
0 0.701634 0.260748 0.016628 0.022813
0 0.676210 0.296575 0.014459 0.018636
0 0.691151 0.300913 0.014459 0.017030
0 0.688621 0.319549 0.015664 0.022813
0 0.709225 0.314086 0.018315 0.022813
0 0.731155 0.322762 0.016387 0.023456
0 0.713201 0.338988 0.018556 0.023135
0 0.729709 0.348628 0.012531 0.017351
0 0.647171 0.360356 0.015664 0.023456
0 0.671872 0.368228 0.017351 0.019279
0 0.648858 0.382366 0.018556 0.018636
0 0.671872 0.392970 0.017351 0.019279
0 0.680186 0.416104 0.017110 0.018636
0 0.707538 0.412570 0.014941 0.021207
0 0.693922 0.433295 0.015664 0.022171
0 0.707418 0.448075 0.015664 0.020243
0 0.726456 0.477797 0.018556 0.019279
0 0.683439 0.514748 0.014941 0.019922
0 0.706333 0.508001 0.017833 0.021849
0 0.697778 0.537241 0.014218 0.023135
0 0.695730 0.568890 0.014459 0.022813
0 0.735613 0.564231 0.015182 0.017994
0 0.752723 0.558447 0.016146 0.019279
0 0.722359 0.525994 0.016146 0.019279
0 0.739589 0.523585 0.014459 0.021528
0 0.778268 0.316175 0.017110 0.022492
0 0.791763 0.335293 0.016146 0.022171
0 0.811404 0.357625 0.014941 0.019279
0 0.777665 0.353287 0.017833 0.024099
0 0.792848 0.370799 0.016387 0.021207
0 0.776701 0.388471 0.013977 0.021207
0 0.759471 0.406144 0.017110 0.020564
0 0.781280 0.414016 0.016387 0.020243
0 0.736577 0.437633 0.017592 0.023777
0 0.762242 0.433937 0.017351 0.021528
0 0.754169 0.450967 0.017110 0.019600
0 0.760435 0.471692 0.015664 0.021849
0 0.775255 0.452092 0.016869 0.021849
0 0.801764 0.441970 0.013977 0.018958
0 0.813693 0.433134 0.012290 0.020564
0 0.865867 0.460446 0.014459 0.023777
0 0.841406 0.459482 0.016628 0.021207
0 0.818392 0.459643 0.017351 0.019600
0 0.796583 0.469603 0.014700 0.021528
0 0.779111 0.475387 0.017351 0.018958
0 0.761158 0.503020 0.016146 0.021528
0 0.796342 0.504466 0.016628 0.020564
0 0.849479 0.479243 0.014459 0.020886
0 0.845503 0.507679 0.014218 0.020564
0 0.867072 0.514748 0.017351 0.018636
0 0.870084 0.536598 0.016628 0.023777
0 0.831767 0.520853 0.014700 0.021207
0 0.809114 0.530332 0.015664 0.020886
0 0.787305 0.524709 0.013495 0.019922
0 0.796703 0.548647 0.013977 0.019600
0 0.815380 0.561821 0.015182 0.018958
0 0.832731 0.562464 0.015664 0.021528
0 0.823091 0.594274 0.014700 0.018315
0 0.840683 0.587848 0.017110 0.018958
0 0.854420 0.588972 0.012290 0.018636
0 0.880567 0.610179 0.014459 0.021207
0 0.860926 0.618694 0.013736 0.021528
0 0.843455 0.641026 0.019279 0.020564
0 0.821163 0.617570 0.015182 0.019922