0 0.556070 0.452134 0.022823 0.031664
0 0.527387 0.447816 0.022823 0.027963
0 0.494541 0.444527 0.022514 0.032897
0 0.532476 0.477219 0.028066 0.027552
0 0.559925 0.485443 0.023131 0.028374
0 0.588145 0.537462 0.023439 0.032075
0 0.563009 0.519368 0.023131 0.031253
0 0.580588 0.570154 0.023748 0.029196
0 0.554836 0.555556 0.019738 0.027140
0 0.561621 0.599145 0.020972 0.032075
0 0.550518 0.626285 0.022823 0.025496
0 0.534943 0.581668 0.021897 0.030019
0 0.539107 0.534583 0.024673 0.034542
0 0.514434 0.514434 0.018505 0.031253
0 0.506107 0.467966 0.016038 0.026318
0 0.479429 0.480919 0.025598 0.031664
0 0.459382 0.456246 0.024365 0.031664
0 0.440569 0.427256 0.024981 0.023028
0 0.405718 0.428284 0.024981 0.028374
0 0.414354 0.458302 0.026832 0.030019
0 0.440106 0.481948 0.028991 0.033720
0 0.384129 0.445144 0.025598 0.028374
0 0.352517 0.451312 0.024673 0.020972
0 0.368554 0.478863 0.027757 0.020972
0 0.337250 0.470639 0.029299 0.024262
0 0.350204 0.504359 0.030533 0.029196
0 0.305175 0.499424 0.029916 0.032486
0 0.277110 0.526359 0.029299 0.028785
0 0.317203 0.529443 0.025598 0.031664
0 0.353750 0.552677 0.029608 0.034542
0 0.380582 0.531088 0.025907 0.036598
0 0.398624 0.498396 0.025598 0.029608
0 0.423914 0.510938 0.024981 0.027552
0 0.452443 0.507854 0.025290 0.025496
0 0.478658 0.513611 0.023439 0.028785
0 0.519368 0.545275 0.020972 0.027140
0 0.493924 0.551238 0.021897 0.027552
0 0.466475 0.546920 0.024981 0.032897
0 0.437485 0.552060 0.023748 0.031664
0 0.409573 0.549799 0.022823 0.035365
0 0.420368 0.579406 0.024056 0.029608
0 0.479120 0.580434 0.034851 0.030841
0 0.519368 0.612509 0.024056 0.033309
0 0.521681 0.639444 0.024365 0.029608
0 0.494849 0.619089 0.021897 0.028374
0 0.502406 0.664528 0.022823 0.023851
0 0.470022 0.647052 0.022206 0.023439
0 0.473723 0.672547 0.025290 0.023439
0 0.445195 0.664117 0.023131 0.018916
0 0.418671 0.678510 0.021281 0.017271
0 0.390143 0.674398 0.022823 0.024673
0 0.416358 0.654865 0.025290 0.021795
0 0.439181 0.640472 0.019738 0.024262
0 0.350666 0.706678 0.025290 0.020150
0 0.361769 0.678510 0.025290 0.026318
0 0.364236 0.643145 0.023439 0.026318
0 0.391377 0.633481 0.024673 0.030841
0 0.417129 0.617649 0.022514 0.030430
0 0.458302 0.597294 0.020355 0.025907
0 0.314890 0.719632 0.028991 0.023028
0 0.332470 0.689201 0.030841 0.028785
0 0.335708 0.658566 0.021897 0.030019
0 0.348970 0.613126 0.027449 0.020561
0 0.378115 0.607986 0.024673 0.028374
0 0.381662 0.568509 0.026215 0.026729
0 0.351591 0.583724 0.028374 0.025084
0 0.321213 0.594004 0.025598 0.025084
0 0.302862 0.644995 0.026524 0.030019
0 0.293301 0.690641 0.029608 0.025084
0 0.280502 0.713052 0.026215 0.022206
0 0.274180 0.648285 0.024056 0.025907
0 0.255058 0.689201 0.027757 0.032897
0 0.247193 0.656098 0.025598 0.033309
0 0.228997 0.620117 0.027449 0.029608
0 0.259376 0.621556 0.026524 0.027552
0 0.293455 0.609014 0.026215 0.035365
0 0.238249 0.594004 0.026832 0.033309
0 0.270787 0.584546 0.024673 0.033309
0 0.298236 0.567070 0.027757 0.027140
0 0.240100 0.546098 0.031767 0.027140