0 0.488119 0.524227 0.025304 0.029882
0 0.519809 0.519889 0.024581 0.027633
0 0.544510 0.496112 0.022894 0.028276
0 0.579453 0.499486 0.023376 0.029882
0 0.617770 0.501414 0.022894 0.031810
0 0.630904 0.544309 0.031810 0.043056
0 0.596805 0.538526 0.029641 0.037915
0 0.569573 0.566802 0.028677 0.031489
0 0.551499 0.531939 0.025786 0.031810
0 0.530051 0.557483 0.028195 0.035987
0 0.515471 0.592989 0.028436 0.034381
0 0.546679 0.589936 0.022412 0.023135
0 0.576562 0.602146 0.024340 0.030204
0 0.605842 0.571139 0.021689 0.027312
0 0.641628 0.586563 0.028677 0.039522
0 0.619939 0.609055 0.030123 0.035666
0 0.601745 0.635403 0.033738 0.034381
0 0.558729 0.627370 0.024822 0.031810
0 0.528605 0.624317 0.023376 0.025063
0 0.495590 0.624960 0.028195 0.029561
0 0.492819 0.559893 0.023135 0.021528
0 0.479685 0.586081 0.022894 0.022492
0 0.462695 0.609858 0.023617 0.024420
0 0.461490 0.555395 0.026027 0.027955
0 0.460044 0.522621 0.023617 0.027312
0 0.445344 0.582707 0.023617 0.022813
0 0.428596 0.605842 0.022894 0.036309
0 0.419438 0.565034 0.022412 0.030525
0 0.389435 0.611304 0.022171 0.028597
0 0.392327 0.575959 0.018797 0.031810
0 0.359673 0.615320 0.024822 0.023777
0 0.358950 0.584153 0.023376 0.025705
0 0.364734 0.558447 0.026750 0.026991
0 0.398352 0.538204 0.022653 0.033417
0 0.428114 0.524388 0.025786 0.034702
0 0.437030 0.488400 0.025786 0.031489
0 0.401243 0.498201 0.023135 0.033096
0 0.366300 0.512339 0.024099 0.033738
0 0.339792 0.542542 0.020243 0.023456
0 0.328827 0.577566 0.024822 0.030525
0 0.318223 0.621586 0.021930 0.038879
0 0.291112 0.620783 0.021207 0.035345
0 0.298342 0.586241 0.026509 0.026027
0 0.301234 0.550414 0.022653 0.032132
0 0.336659 0.510732 0.025063 0.035023
0 0.272436 0.560215 0.018556 0.034381
0 0.281834 0.517801 0.028195 0.035023
0 0.259784 0.630262 0.021689 0.033738
0 0.266773 0.595399 0.021689 0.025063
0 0.231709 0.608251 0.019520 0.030846
0 0.201827 0.575316 0.021448 0.024741
0 0.204357 0.545434 0.029882 0.028597
0 0.237131 0.565677 0.026027 0.031168
0 0.247735 0.533224 0.022653 0.025384
0 0.255326 0.494666 0.024822 0.024099
0 0.287377 0.457072 0.020966 0.039522
0 0.308704 0.440042 0.027955 0.027312
0 0.323646 0.401324 0.027955 0.033417
0 0.341599 0.461410 0.026268 0.028918
0 0.308584 0.486955 0.021930 0.036309
0 0.377386 0.467836 0.025063 0.031489
0 0.420763 0.461249 0.021207 0.027955
0 0.473660 0.481974 0.028677 0.034060
0 0.453538 0.444380 0.026991 0.030204
0 0.479444 0.424619 0.028677 0.027955
0 0.492939 0.459000 0.027714 0.033738
0 0.356420 0.425101 0.026509 0.032132
0 0.383531 0.433777 0.025786 0.035345
0 0.420281 0.413534 0.026509 0.034060
0 0.388953 0.387186 0.024581 0.034702
0 0.424499 0.370477 0.025786 0.033417
0 0.454743 0.377707 0.027473 0.035023
0 0.488963 0.378832 0.022171 0.030204
0 0.524990 0.406465 0.031569 0.032774
0 0.528123 0.450967 0.023858 0.042092
0 0.563789 0.441328 0.025304 0.033096
0 0.602950 0.461089 0.028436 0.034060
0 0.635121 0.458197 0.028677 0.035345
0 0.657051 0.495951 0.030123 0.032453
0 0.673077 0.538847 0.032774 0.034060
0 0.583550 0.406144 0.028195 0.037273
0 0.616927 0.418675 0.030364 0.032774
0 0.487999 0.288863 0.023135 0.026348
0 0.502097 0.320834 0.020484 0.028597
0 0.526798 0.329028 0.018797 0.026991
0 0.515110 0.291434 0.020966 0.026348
0 0.542582 0.299627 0.020484 0.027312
0 0.568489 0.310552 0.017833 0.024741
0 0.554752 0.333526 0.017351 0.027633
0 0.576923 0.343648 0.017833 0.027955
0 0.598250 0.353930 0.017592 0.026027
0 0.508242 0.259784 0.017833 0.026027
0 0.532340 0.262355 0.019279 0.025384
0 0.524990 0.233275 0.020966 0.021207
0 0.500651 0.225082 0.018556 0.031168
0 0.512941 0.188934 0.016628 0.032132
0 0.540775 0.205160 0.018315 0.027955
0 0.556560 0.170137 0.021930 0.025384
0 0.566199 0.218656 0.018556 0.024099
0 0.548125 0.235043 0.019520 0.022171
0 0.558729 0.267014 0.020966 0.023135
0 0.579092 0.283240 0.018797 0.026669
0 0.578249 0.249181 0.015182 0.026669
0 0.599696 0.254161 0.017110 0.022492
0 0.596202 0.223957 0.018315 0.025063
0 0.588249 0.191986 0.022653 0.027955
0 0.595238 0.318746 0.020243 0.025063
0 0.603552 0.289988 0.015664 0.024099
0 0.620903 0.311516 0.021930 0.026669
0 0.624398 0.347664 0.021207 0.027633
0 0.617047 0.377868 0.014218 0.023777
0 0.640544 0.382687 0.021207 0.025063
0 0.654159 0.358749 0.012772 0.020243
0 0.645604 0.324690 0.016387 0.023456
0 0.642231 0.296253 0.020725 0.026991
0 0.625723 0.270227 0.019038 0.030204
0 0.618975 0.232794 0.020002 0.024741
0 0.611987 0.202268 0.019038 0.027955
0 0.610902 0.162265 0.021207 0.032132
0 0.612951 0.126117 0.021448 0.030525
0 0.651870 0.142343 0.019279 0.028276
0 0.692838 0.154392 0.020725 0.026669
0 0.706574 0.183793 0.018797 0.025705
0 0.737300 0.180258 0.022412 0.027633
0 0.634278 0.177206 0.017833 0.031168
0 0.659341 0.179294 0.019279 0.027633
0 0.680066 0.194878 0.019761 0.031810
0 0.698140 0.220905 0.019761 0.023456
0 0.719587 0.209659 0.016387 0.026669
0 0.749831 0.210301 0.016628 0.026669
0 0.662233 0.220584 0.017351 0.027312
0 0.643676 0.206767 0.019761 0.030525
0 0.642713 0.241951 0.020243 0.023777
0 0.676089 0.245967 0.019520 0.026027
0 0.699947 0.252394 0.023858 0.026027
0 0.725492 0.247574 0.018556 0.027955
0 0.748747 0.246610 0.022653 0.027312
0 0.736216 0.276814 0.018797 0.026669
0 0.705851 0.291273 0.021689 0.022171
0 0.679945 0.285489 0.018556 0.027312
0 0.657654 0.269745 0.018315 0.025384
0 0.667414 0.307981 0.016628 0.026669
0 0.689344 0.316818 0.020002 0.025063
0 0.670908 0.336579 0.017351 0.022171
0 0.652955 0.408875 0.017592 0.017030
0 0.638375 0.418675 0.008194 0.010282
0 0.653075 0.444701 0.007230 0.015423
0 0.669462 0.465105 0.015423 0.021528
0 0.685488 0.454180 0.016146 0.023456
0 0.691271 0.428154 0.014700 0.018958
0 0.666450 0.429921 0.016146 0.017994
0 0.683680 0.405501 0.013977 0.017351
0 0.698501 0.391684 0.016146 0.017994
0 0.668860 0.390881 0.014218 0.021528
0 0.686934 0.372405 0.018556 0.020564
0 0.668619 0.362927 0.012290 0.018315
0 0.692597 0.341880 0.016869 0.020564
0 0.711514 0.344933 0.016628 0.018315
0 0.758507 0.296896 0.018074 0.021207
0 0.770074 0.317460 0.012290 0.023135
0 0.754410 0.326939 0.014700 0.024099
0 0.738746 0.348467 0.021930 0.020243
0 0.773448 0.346539 0.017110 0.022171
0 0.792245 0.341720 0.017592 0.022171
0 0.816705 0.341238 0.017833 0.019279
0 0.833092 0.325975 0.017351 0.022171
0 0.854299 0.309909 0.019279 0.022813
0 0.879723 0.321637 0.015664 0.020564
0 0.872976 0.343808 0.021930 0.026348
0 0.826345 0.296575 0.017351 0.026348
0 0.807789 0.313765 0.019761 0.025384
0 0.715732 0.369835 0.018315 0.023135
0 0.749349 0.370638 0.018556 0.019600
0 0.770556 0.370959 0.017592 0.020886
0 0.836828 0.355054 0.015664 0.017994
0 0.866108 0.375297 0.015423 0.022492
0 0.882495 0.387186 0.014459 0.017994
0 0.880085 0.421085 0.019761 0.020243
0 0.844178 0.389114 0.017833 0.020564
0 0.823814 0.374976 0.018556 0.021207
0 0.798631 0.395219 0.018797 0.021849
0 0.817428 0.408071 0.016869 0.021849
0 0.851407 0.422531 0.014459 0.021849
0 0.863216 0.441810 0.017351 0.017994
0 0.852130 0.470567 0.015423 0.018958
0 0.830682 0.436829 0.012049 0.017672
0 0.812849 0.433777 0.013977 0.021207
0 0.783931 0.431367 0.020243 0.020886
0 0.775978 0.405983 0.017833 0.020886
0 0.753687 0.396665 0.014700 0.019600
0 0.731637 0.387989 0.018315 0.018958
0 0.714768 0.412249 0.018315 0.019922
0 0.731878 0.416104 0.017351 0.025063
0 0.758748 0.427029 0.015664 0.018636
0 0.832731 0.516676 0.014218 0.022492
0 0.841406 0.495148 0.016628 0.021207
0 0.826947 0.464623 0.018074 0.022492
0 0.785979 0.451931 0.020002 0.020243
0 0.770195 0.470085 0.018797 0.019922
0 0.757663 0.447754 0.014941 0.023456
0 0.739228 0.441167 0.014218 0.017994
0 0.721395 0.445665 0.016628 0.019922
0 0.724528 0.472013 0.016146 0.019922
0 0.744168 0.468318 0.013977 0.020243
0 0.696573 0.478922 0.016628 0.025384
0 0.683078 0.502699 0.013736 0.027312
0 0.704044 0.518604 0.018556 0.020564
0 0.725010 0.518926 0.017110 0.017994
0 0.743807 0.519086 0.014218 0.017672
0 0.771761 0.522781 0.020002 0.023135
0 0.811765 0.518444 0.019038 0.023456
0 0.790197 0.499807 0.018797 0.022171
0 0.818513 0.494184 0.014700 0.023777
0 0.795016 0.475869 0.017351 0.020564
0 0.757422 0.495630 0.020243 0.018958
0 0.735975 0.493542 0.016387 0.023777
0 0.716334 0.495469 0.017110 0.019922