0 0.489927 0.457715 0.038076 0.047233
0 0.522099 0.509125 0.037353 0.053017
0 0.571862 0.485348 0.035666 0.044663
0 0.534148 0.453216 0.035907 0.051732
0 0.519809 0.570979 0.037112 0.046912
0 0.569934 0.546237 0.040004 0.048840
0 0.556921 0.595077 0.034702 0.048840
0 0.519327 0.625442 0.033738 0.048519
0 0.479082 0.622229 0.038558 0.047233
0 0.494505 0.670908 0.033256 0.042414
0 0.528967 0.706413 0.042414 0.050447
0 0.550053 0.673639 0.043137 0.043378
0 0.586804 0.638937 0.039522 0.042092
0 0.571862 0.725050 0.038558 0.048519
0 0.469443 0.715732 0.036630 0.046591
0 0.449802 0.664803 0.036389 0.043056
0 0.410521 0.689705 0.039763 0.044663
0 0.409076 0.633153 0.034943 0.044020
0 0.375337 0.678620 0.035907 0.048197
0 0.443416 0.595720 0.033256 0.047555
0 0.478118 0.564713 0.033256 0.045948
0 0.478600 0.508965 0.036630 0.048840
0 0.437151 0.529850 0.041450 0.046270
0 0.404376 0.579172 0.040004 0.054302
0 0.369433 0.616606 0.039040 0.052053
0 0.330755 0.660626 0.036871 0.050768
0 0.329550 0.600540 0.033015 0.046912
0 0.352926 0.550575 0.044101 0.045306
0 0.314850 0.549451 0.028677 0.053338
0 0.291353 0.653557 0.036148 0.051411
0 0.250988 0.629940 0.037353 0.051732
0 0.211828 0.617891 0.037112 0.050768
0 0.283762 0.590258 0.039763 0.046912
0 0.237372 0.579976 0.042414 0.041771
0 0.165197 0.604235 0.039763 0.051732
0 0.192067 0.561018 0.035666 0.046270
0 0.228456 0.529208 0.039040 0.047555
0 0.274484 0.535795 0.037594 0.046591
0 0.149773 0.547844 0.038799 0.050125
0 0.181825 0.504948 0.041691 0.044020
0 0.216406 0.472817 0.037112 0.046591
0 0.259664 0.482617 0.037353 0.048197
0 0.307981 0.490971 0.036630 0.052053
0 0.354372 0.500611 0.038317 0.045627
0 0.396785 0.512981 0.036871 0.051089
0 0.116156 0.488561 0.038558 0.056873
0 0.157485 0.444862 0.038317 0.051732
0 0.123144 0.410481 0.048197 0.056873
0 0.156883 0.362927 0.041932 0.056873
0 0.119891 0.352162 0.033015 0.057837
0 0.205080 0.407589 0.036148 0.044663
0 0.205441 0.357785 0.040245 0.051732
0 0.256651 0.428475 0.040968 0.054302
0 0.300149 0.437311 0.037835 0.050768
0 0.341238 0.449521 0.040486 0.043699
0 0.382808 0.458679 0.036389 0.047876
0 0.436307 0.475709 0.034943 0.048519
0 0.280388 0.382045 0.036389 0.047555
0 0.327742 0.394416 0.035184 0.048519
0 0.370879 0.400039 0.038558 0.057194
0 0.344612 0.353608 0.037112 0.051089
0 0.412811 0.418836 0.035666 0.049161
0 0.458598 0.419960 0.043378 0.054624
0 0.432813 0.372405 0.043378 0.043699
0 0.393532 0.339310 0.037594 0.055909
0 0.325453 0.295290 0.045547 0.055266
0 0.295932 0.341398 0.041932 0.056230
0 0.282196 0.277778 0.040968 0.059443
0 0.250145 0.328385 0.040004 0.051411
0 0.231709 0.260266 0.038317 0.057837
0 0.177366 0.307660 0.041450 0.055588
0 0.142303 0.292719 0.038317 0.055266
0 0.188693 0.244361 0.042896 0.062657
0 0.138688 0.227010 0.044101 0.059443
0 0.169052 0.176242 0.044583 0.051089
0 0.215683 0.142343 0.037594 0.050768
0 0.254121 0.131740 0.037835 0.060407
0 0.237854 0.197288 0.040968 0.057837
0 0.290510 0.218334 0.036871 0.056230
0 0.328224 0.229420 0.031810 0.044984
0 0.313524 0.157445 0.040486 0.057837
0 0.378711 0.180901 0.034943 0.063621
0 0.369554 0.244522 0.046029 0.057837
0 0.411606 0.285971 0.041450 0.043699
0 0.418956 0.225082 0.037353 0.054945
0 0.432572 0.159373 0.038076 0.053338
0 0.462093 0.208534 0.040245 0.059765
0 0.457755 0.267335 0.040727 0.053338
0 0.450284 0.324690 0.042173 0.049161
0 0.487517 0.304447 0.040968 0.054945
0 0.477516 0.362927 0.041209 0.050447
0 0.516435 0.351038 0.036630 0.054945
0 0.505591 0.408553 0.040486 0.044020
0 0.551137 0.394416 0.040004 0.049804
0 0.570055 0.343326 0.042655 0.048519
0 0.585719 0.437633 0.039763 0.044984
0 0.598732 0.386865 0.040245 0.053981
0 0.536799 0.301073 0.039281 0.060407
0 0.504265 0.248538 0.037353 0.054302
0 0.514025 0.187809 0.043378 0.056873
0 0.474504 0.142986 0.040004 0.058480
0 0.529690 0.129972 0.046751 0.053017
0 0.577164 0.122903 0.042896 0.060729
0 0.618132 0.100572 0.039522 0.057837
0 0.559693 0.182668 0.042655 0.052375
0 0.552824 0.238256 0.043378 0.057516
0 0.594756 0.230544 0.039040 0.055588
0 0.608131 0.169012 0.040245 0.052696
0 0.653075 0.145717 0.043378 0.051089
0 0.579694 0.291434 0.039763 0.052053
0 0.629097 0.269745 0.042655 0.058801
0 0.613794 0.329670 0.040004 0.053338
0 0.653316 0.232794 0.044342 0.054302
0 0.611264 0.476672 0.034943 0.044663
0 0.623675 0.541418 0.039040 0.040486
0 0.597768 0.583671 0.036871 0.050447
0 0.626446 0.626566 0.035425 0.049483
0 0.607408 0.693561 0.034943 0.045948
0 0.626928 0.740473 0.041209 0.048519
0 0.673559 0.731155 0.038558 0.045306
0 0.703441 0.769391 0.036148 0.041450
0 0.729829 0.735332 0.040727 0.047233
0 0.772725 0.747863 0.034461 0.047876
0 0.649822 0.681351 0.036871 0.049804
0 0.700429 0.680066 0.037353 0.040807
0 0.753326 0.672836 0.033738 0.049483
0 0.784292 0.683761 0.029159 0.046270
0 0.679102 0.631868 0.032774 0.051732
0 0.719346 0.623514 0.033738 0.042735
0 0.766459 0.622711 0.034943 0.045627
0 0.806825 0.643757 0.035184 0.046591
0 0.648737 0.579815 0.035666 0.049161
0 0.666570 0.529368 0.040968 0.045306
0 0.663799 0.477476 0.039763 0.051411
0 0.633676 0.424780 0.040245 0.050125
0 0.692235 0.580458 0.040727 0.049804
0 0.738625 0.574031 0.042896 0.049161
0 0.713201 0.523263 0.038799 0.049804
0 0.760435 0.525673 0.040727 0.048197
0 0.798149 0.584635 0.040968 0.045948
0 0.807668 0.528886 0.038317 0.052053
0 0.838515 0.599415 0.037835 0.052375
0 0.892857 0.566159 0.040968 0.052053
0 0.862493 0.537883 0.035666 0.046912
0 0.924667 0.523103 0.039522 0.049483
0 0.929608 0.461089 0.043619 0.055266
0 0.884302 0.488561 0.038317 0.051732
0 0.925631 0.405180 0.038076 0.058480
0 0.887073 0.422852 0.038558 0.053338
0 0.848395 0.460446 0.032533 0.053338
0 0.811163 0.470407 0.038076 0.050768
0 0.822127 0.417068 0.039763 0.047555
0 0.735131 0.473620 0.040727 0.049483
0 0.776219 0.428636 0.037594 0.053981
0 0.729950 0.423013 0.037594 0.043378
0 0.689826 0.423173 0.039281 0.050768
0 0.646689 0.370959 0.034461 0.051732
0 0.694525 0.350556 0.037112 0.048840
0 0.741035 0.354572 0.038558 0.045948
0 0.795619 0.370799 0.040727 0.055266
0 0.657292 0.312159 0.041209 0.060729
0 0.693922 0.267014 0.038799 0.054624
0 0.694886 0.135595 0.039281 0.053981
0 0.695127 0.192950 0.036389 0.058801
0 0.770677 0.192629 0.036148 0.054302
0 0.741758 0.234721 0.035184 0.052375
0 0.778268 0.264122 0.035907 0.049483
0 0.815380 0.228456 0.037835 0.058480
0 0.729950 0.296253 0.042414 0.053981
0 0.771038 0.322441 0.039763 0.047876
0 0.846226 0.260748 0.041691 0.056230
0 0.872494 0.306536 0.039281 0.059765
0 0.822850 0.318424 0.046029 0.052696
0 0.895147 0.360677 0.042655 0.056873
0 0.847793 0.360517 0.038076 0.054624