0 0.566157 0.388471 0.015119 0.021794
0 0.615240 0.371923 0.010121 0.015744
0 0.600781 0.411285 0.013495 0.019279
0 0.582345 0.409196 0.016146 0.021528
0 0.554029 0.417390 0.015905 0.017994
0 0.551258 0.436347 0.016146 0.016066
0 0.535112 0.424137 0.013736 0.017994
0 0.519809 0.419960 0.015905 0.018636
0 0.425342 0.402770 0.015905 0.021528
0 0.449682 0.425101 0.015423 0.021849
0 0.471371 0.417390 0.017833 0.022492
0 0.486312 0.428475 0.014459 0.021528
0 0.497397 0.450485 0.016869 0.020564
0 0.517881 0.447593 0.016869 0.018636
0 0.536919 0.451288 0.016387 0.021528
0 0.550294 0.463338 0.014700 0.021849
0 0.571983 0.450967 0.016146 0.020243
0 0.590177 0.437954 0.016869 0.020564
0 0.429078 0.425744 0.014218 0.020564
0 0.445826 0.448879 0.017351 0.020564
0 0.467033 0.441488 0.017833 0.019922
0 0.463539 0.460607 0.016146 0.017672
0 0.479926 0.469443 0.016146 0.019922
0 0.410160 0.432170 0.015423 0.021849
0 0.423655 0.449361 0.017833 0.018958
0 0.435584 0.467997 0.015182 0.020886
0 0.449079 0.483420 0.015182 0.019600
0 0.389556 0.431367 0.014700 0.020886
0 0.403412 0.449200 0.014459 0.019279
0 0.387025 0.454502 0.013977 0.017030
0 0.372084 0.457393 0.015423 0.022171
0 0.470527 0.482938 0.016146 0.017994
0 0.492578 0.480046 0.013977 0.021207
0 0.510652 0.469603 0.016869 0.018315
0 0.528244 0.473299 0.014941 0.018636
0 0.515110 0.489525 0.017110 0.018958
0 0.532461 0.498040 0.015182 0.020564
0 0.536919 0.506073 0.015423 0.017994
0 0.551499 0.485509 0.015664 0.017994
0 0.553668 0.497397 0.014218 0.018636
0 0.565838 0.476833 0.017351 0.019279
0 0.588611 0.461571 0.015182 0.021528
0 0.604757 0.467194 0.015664 0.017994
0 0.417028 0.467676 0.016628 0.016387
0 0.410521 0.483741 0.015664 0.017672
0 0.393532 0.474905 0.015905 0.020564
0 0.364252 0.470407 0.015664 0.019922
0 0.376663 0.488240 0.016869 0.018958
0 0.351600 0.488240 0.016387 0.019600
0 0.332683 0.518926 0.015664 0.023135
0 0.318223 0.539650 0.016628 0.016387
0 0.317621 0.557001 0.017351 0.019600
0 0.331839 0.571139 0.015423 0.018315
0 0.337020 0.540293 0.014218 0.017672
0 0.340997 0.554592 0.011567 0.015423
0 0.352926 0.517801 0.013254 0.019600
0 0.367987 0.509607 0.015905 0.020564
0 0.393773 0.495951 0.013977 0.017672
0 0.409678 0.506876 0.014459 0.018315
0 0.429921 0.494024 0.015905 0.021528
0 0.446188 0.503020 0.014218 0.018958
0 0.386423 0.515391 0.015182 0.019279
0 0.400882 0.522942 0.012772 0.017030
0 0.369072 0.530493 0.016146 0.016066
0 0.373048 0.547523 0.014459 0.017351
0 0.386784 0.537241 0.014941 0.016066
0 0.352805 0.537883 0.014459 0.016066
0 0.356058 0.556520 0.012290 0.018636
0 0.353890 0.576923 0.013254 0.020243
0 0.368590 0.574192 0.014218 0.015423
0 0.389556 0.557965 0.014218 0.017030
0 0.413654 0.534027 0.014218 0.019922
0 0.426547 0.515391 0.015905 0.019922
0 0.433295 0.528404 0.013495 0.017030
0 0.461490 0.499004 0.017351 0.017351
0 0.478721 0.501092 0.015664 0.017672
0 0.497638 0.497719 0.013013 0.017351
0 0.518725 0.512981 0.015664 0.018958
0 0.504627 0.521978 0.013977 0.016387
0 0.489806 0.516837 0.016146 0.016387
0 0.468117 0.522942 0.014218 0.017672
0 0.468840 0.534349 0.013254 0.009639
0 0.485950 0.534349 0.015664 0.017994
0 0.452815 0.525673 0.014941 0.020564
0 0.447754 0.542864 0.015423 0.017030
0 0.425342 0.549290 0.015423 0.018958
0 0.406184 0.558287 0.015182 0.016387
0 0.426065 0.563749 0.015905 0.013174
0 0.440404 0.571139 0.015182 0.015744
0 0.449320 0.554913 0.013254 0.012210
0 0.461972 0.560536 0.014459 0.017672
0 0.456550 0.570336 0.012290 0.016066
0 0.467033 0.586563 0.015423 0.019600
0 0.384374 0.580136 0.015905 0.018315
0 0.370036 0.589776 0.014700 0.015744
0 0.347624 0.592668 0.013736 0.017672
0 0.331719 0.604396 0.015664 0.016708
0 0.341117 0.619497 0.013254 0.016066
0 0.342684 0.636367 0.011567 0.017672
0 0.352082 0.644560 0.015423 0.023135
0 0.366180 0.657413 0.013736 0.014781
0 0.356299 0.624639 0.014218 0.017994
0 0.368228 0.634760 0.013977 0.018315
0 0.368108 0.614517 0.015664 0.020243
0 0.381121 0.629940 0.013736 0.018315
0 0.388230 0.643757 0.013977 0.016387
0 0.395460 0.674443 0.012531 0.016708
0 0.405220 0.637170 0.012772 0.014781
0 0.401846 0.622871 0.011808 0.015102
0 0.385700 0.605681 0.014218 0.014781
0 0.399798 0.597327 0.012531 0.016708
0 0.404015 0.605199 0.013254 0.011889
0 0.404858 0.575156 0.012531 0.015423
0 0.424258 0.577405 0.013736 0.016066
0 0.419920 0.598291 0.013254 0.018636
0 0.419197 0.614517 0.013254 0.015744
0 0.420281 0.641347 0.012049 0.016708
0 0.430403 0.658377 0.013013 0.015423
0 0.442211 0.676049 0.014941 0.016708
0 0.443778 0.656931 0.012772 0.012531
0 0.442693 0.643275 0.013013 0.016066
0 0.433415 0.628816 0.013736 0.016708
0 0.447634 0.611304 0.012290 0.015102
0 0.433174 0.602628 0.013254 0.021528
0 0.452935 0.592668 0.012290 0.019600
0 0.465949 0.603914 0.014700 0.017030
0 0.466310 0.619979 0.012531 0.014459
0 0.465828 0.639580 0.015423 0.017672
0 0.458960 0.658216 0.016146 0.017030
0 0.457996 0.671551 0.014218 0.014781
0 0.473299 0.675246 0.013977 0.016387
0 0.476070 0.656288 0.015182 0.015102
0 0.481251 0.638616 0.013977 0.017030
0 0.482095 0.618694 0.015182 0.015102
0 0.489445 0.672033 0.014459 0.020886
0 0.497156 0.663036 0.014459 0.018958
0 0.510652 0.654682 0.014459 0.017672
0 0.497156 0.639098 0.013495 0.019922
0 0.496915 0.612910 0.012531 0.019600
0 0.500530 0.586723 0.014459 0.017994
0 0.483902 0.587527 0.014459 0.017672
0 0.487396 0.569693 0.015664 0.016708
0 0.496554 0.558287 0.015664 0.018958
0 0.512580 0.558769 0.016387 0.017994
0 0.511013 0.569693 0.010362 0.012853
0 0.521617 0.539650 0.018556 0.020886
0 0.507398 0.678780 0.012290 0.018958
0 0.518363 0.677816 0.013977 0.018958
0 0.531738 0.679262 0.011808 0.017994
0 0.546679 0.681833 0.013736 0.017351
0 0.521376 0.595881 0.015664 0.018315
0 0.512098 0.612910 0.016387 0.020243
0 0.518484 0.628976 0.015182 0.012531
0 0.527641 0.614356 0.013254 0.016708
0 0.536919 0.660305 0.015423 0.019279
0 0.529810 0.640062 0.014218 0.015423
0 0.540775 0.627852 0.016869 0.016708
0 0.525231 0.574674 0.015664 0.018315
0 0.541136 0.600218 0.014700 0.013495
0 0.541498 0.584795 0.014459 0.015423
0 0.538968 0.558126 0.015182 0.019279
0 0.542823 0.539329 0.016628 0.019600
0 0.560054 0.514909 0.013977 0.017030
0 0.556439 0.552021 0.014459 0.019922
0 0.555234 0.570657 0.013977 0.015423
0 0.570778 0.574674 0.012772 0.017030
0 0.575959 0.561018 0.013977 0.015423
0 0.556439 0.591222 0.013977 0.017351
0 0.553668 0.613392 0.014700 0.018636
0 0.549933 0.648255 0.015423 0.016387
0 0.561741 0.632832 0.013977 0.016387
0 0.571260 0.617891 0.015182 0.016708
0 0.575116 0.600379 0.013736 0.018958
0 0.559452 0.672997 0.016146 0.016387
0 0.569332 0.656127 0.013736 0.017994
0 0.580779 0.647613 0.015423 0.018958
0 0.581502 0.681833 0.013013 0.019279
0 0.587888 0.664642 0.015664 0.022813
0 0.598732 0.684564 0.013254 0.016387
0 0.605962 0.657895 0.013254 0.014459
0 0.616927 0.681351 0.015423 0.018958
0 0.622952 0.664160 0.017833 0.019279
0 0.613674 0.643436 0.015664 0.020243
0 0.598612 0.641347 0.014941 0.017351
0 0.603191 0.624639 0.015905 0.017351
0 0.585719 0.631065 0.015182 0.019922
0 0.590780 0.612429 0.014700 0.019279
0 0.571260 0.531296 0.014218 0.016387
0 0.574634 0.512339 0.014700 0.017030
0 0.574513 0.498522 0.013013 0.014459
0 0.589213 0.496594 0.012531 0.013817
0 0.583550 0.479243 0.016146 0.015102
0 0.600178 0.485991 0.014700 0.017030
0 0.603432 0.505430 0.014459 0.019922
0 0.594154 0.517319 0.012772 0.019279
0 0.590177 0.542221 0.013013 0.017672
0 0.608974 0.534831 0.016387 0.018315
0 0.623193 0.525512 0.016387 0.020886
0 0.586081 0.576602 0.012531 0.018958
0 0.594274 0.568248 0.014941 0.018315
0 0.600660 0.590418 0.015664 0.018958
0 0.617650 0.599094 0.015905 0.017030
0 0.614276 0.574674 0.014459 0.018315
0 0.611505 0.557644 0.015182 0.019600
0 0.625602 0.543828 0.012531 0.015744
0 0.640785 0.541900 0.015905 0.020243
0 0.639339 0.563428 0.013977 0.016387
0 0.630663 0.582867 0.014941 0.017351
0 0.656449 0.568087 0.017351 0.019922
0 0.625843 0.615481 0.014941 0.016387
0 0.641026 0.604074 0.017351 0.018636
0 0.654039 0.588330 0.014459 0.016708
0 0.632712 0.641668 0.014700 0.018636
0 0.643556 0.625120 0.015664 0.017672
0 0.660064 0.629458 0.014459 0.017994
0 0.648858 0.648898 0.016146 0.018958
0 0.639941 0.660787 0.015182 0.018958
0 0.632591 0.692115 0.016387 0.018636
0 0.646930 0.690187 0.011808 0.013495
0 0.663678 0.692597 0.017351 0.016387
0 0.678620 0.683118 0.013977 0.017994
0 0.694766 0.689866 0.014941 0.018636
0 0.653557 0.666570 0.013977 0.014459
0 0.666570 0.656770 0.015423 0.016066
0 0.711153 0.668819 0.015423 0.017030
0 0.728142 0.653236 0.015182 0.016066
0 0.734649 0.637812 0.016628 0.017994
0 0.709948 0.646327 0.014459 0.018315
0 0.693802 0.655324 0.014459 0.018315
0 0.680427 0.639740 0.014218 0.016708
0 0.678620 0.623032 0.015423 0.015423
0 0.694525 0.619337 0.013013 0.015744
0 0.665486 0.605199 0.017592 0.017672
0 0.671992 0.583028 0.017592 0.016387
0 0.694766 0.584153 0.018315 0.019279
0 0.686090 0.606645 0.017833 0.019279
0 0.703321 0.606805 0.018074 0.019600
0 0.714165 0.625442 0.017110 0.019600
0 0.722961 0.608733 0.014941 0.017672
0 0.637893 0.414016 0.015905 0.020243
0 0.660064 0.425423 0.017351 0.017994
0 0.679343 0.433937 0.015905 0.017030
0 0.626084 0.445665 0.016387 0.021207
0 0.642713 0.435383 0.014941 0.020564
0 0.660184 0.447754 0.014700 0.017672
0 0.654641 0.462374 0.014218 0.016708
0 0.635603 0.462535 0.017592 0.020886
0 0.622590 0.475066 0.017110 0.017672
0 0.625000 0.491614 0.016628 0.017351
0 0.640182 0.481814 0.016146 0.020886
0 0.656449 0.499807 0.015905 0.022171
0 0.647894 0.513463 0.017110 0.016708
0 0.662353 0.534349 0.017592 0.018636
0 0.663678 0.550093 0.015905 0.014138
0 0.676812 0.515230 0.017110 0.017672
0 0.675969 0.495630 0.015905 0.019600
0 0.676692 0.465266 0.015905 0.019922
0 0.690669 0.480528 0.017351 0.021528
0 0.697055 0.456269 0.017592 0.023135
0 0.691151 0.501414 0.017351 0.017030
0 0.699706 0.530654 0.015182 0.018315
0 0.711996 0.473941 0.016146 0.019922
0 0.726938 0.491292 0.015664 0.019922
0 0.718021 0.516355 0.015182 0.020564
0 0.735011 0.513784 0.016387 0.020564
0 0.743084 0.533706 0.016628 0.019279
0 0.687898 0.548005 0.018074 0.019600
0 0.688741 0.561821 0.018315 0.015102
0 0.707659 0.566962 0.012290 0.018315
0 0.708623 0.549451 0.015182 0.019279
0 0.723323 0.549772 0.014700 0.016066
0 0.723082 0.585920 0.017110 0.018315
0 0.740433 0.614035 0.017110 0.016066
0 0.739830 0.599415 0.013977 0.020243
0 0.746698 0.574835 0.015182 0.021207
0 0.748024 0.550896 0.016869 0.019600
0 0.724648 0.531296 0.014459 0.018958