0 0.393085 0.563970 0.024910 0.032328
0 0.418244 0.528099 0.022751 0.034542
0 0.437010 0.497210 0.024744 0.030335
0 0.461837 0.468757 0.023582 0.033214
0 0.479773 0.441964 0.025242 0.025685
0 0.511575 0.425247 0.029394 0.036092
0 0.523200 0.395133 0.024412 0.032992
0 0.493141 0.392144 0.024412 0.031442
0 0.521622 0.346198 0.022585 0.036092
0 0.499286 0.315752 0.027401 0.038971
0 0.484257 0.349852 0.025907 0.033214
0 0.455942 0.326934 0.026405 0.040964
0 0.454198 0.365351 0.025575 0.034099
0 0.463747 0.402551 0.027069 0.032328
0 0.446476 0.434436 0.024080 0.030557
0 0.424223 0.464218 0.023748 0.039192
0 0.369005 0.553452 0.022253 0.029007
0 0.372908 0.518910 0.027733 0.036535
0 0.400475 0.489349 0.023748 0.028342
0 0.341105 0.527545 0.025575 0.032992
0 0.392919 0.456025 0.028896 0.029892
0 0.363359 0.479053 0.023250 0.036092
0 0.335127 0.485475 0.026571 0.036535
0 0.312043 0.518245 0.025575 0.036535
0 0.281570 0.507285 0.025409 0.034542
0 0.304072 0.474293 0.022917 0.034985
0 0.314285 0.443625 0.024412 0.035649
0 0.353228 0.448386 0.025907 0.026128
0 0.241713 0.503189 0.027401 0.038307
0 0.257241 0.471193 0.028564 0.034099
0 0.214810 0.493778 0.023084 0.036314
0 0.228096 0.456246 0.031387 0.029892
0 0.194467 0.456800 0.031885 0.030114
0 0.227265 0.417276 0.022087 0.032992
0 0.250681 0.423143 0.023416 0.035428
0 0.283895 0.426022 0.026737 0.034985
0 0.194467 0.386165 0.028896 0.035428
0 0.197456 0.341991 0.026571 0.042292
0 0.232745 0.385390 0.024744 0.032107
0 0.246031 0.360259 0.027733 0.035428
0 0.261060 0.313981 0.031221 0.038085
0 0.305733 0.338448 0.024246 0.034321
0 0.288462 0.369226 0.025575 0.038749
0 0.266707 0.392033 0.026239 0.027235
0 0.309967 0.403547 0.025741 0.033435
0 0.331390 0.371883 0.025741 0.036092
0 0.339445 0.406204 0.025242 0.034764
0 0.323170 0.262721 0.029560 0.036092
0 0.334297 0.302245 0.029560 0.034099
0 0.346420 0.348855 0.027900 0.033435
0 0.370583 0.315199 0.025076 0.034321
0 0.383951 0.278885 0.026903 0.033878
0 0.374153 0.422590 0.025575 0.034321
0 0.360369 0.381294 0.025907 0.031442
0 0.381958 0.353062 0.027900 0.037864
0 0.401305 0.318520 0.023084 0.037421
0 0.435765 0.293720 0.031221 0.038307
0 0.424970 0.337009 0.029892 0.038971
0 0.411186 0.366901 0.023250 0.035428
0 0.393749 0.389265 0.026903 0.029228
0 0.433191 0.393140 0.025076 0.037421
0 0.419656 0.420154 0.024578 0.029892