0 0.141945 0.457025 0.024049 0.032434
0 0.173596 0.474163 0.021561 0.028380
0 0.149685 0.514522 0.027366 0.030223
0 0.155904 0.534609 0.022667 0.025431
0 0.147750 0.577178 0.022943 0.031697
0 0.157148 0.624171 0.025155 0.026168
0 0.186173 0.624724 0.021838 0.027274
0 0.173181 0.658448 0.021838 0.026168
0 0.265508 0.320102 0.022943 0.033540
0 0.236068 0.338346 0.025431 0.030960
0 0.219068 0.366910 0.021838 0.026905
0 0.208978 0.385338 0.021561 0.029117
0 0.198198 0.407084 0.022114 0.028380
0 0.195019 0.444309 0.020732 0.032065
0 0.215198 0.442282 0.022391 0.028748
0 0.239800 0.435464 0.027366 0.029854
0 0.239109 0.397133 0.025984 0.029854
0 0.268963 0.362671 0.018797 0.027274
0 0.301719 0.335397 0.025155 0.033171
0 0.287622 0.385338 0.022391 0.028380
0 0.307386 0.373176 0.021561 0.028380
0 0.265922 0.404504 0.025431 0.031328
0 0.258597 0.462185 0.024049 0.033171
0 0.233995 0.469556 0.021838 0.031697
0 0.207873 0.476375 0.024878 0.027643
0 0.214783 0.502359 0.023773 0.025800
0 0.186450 0.519313 0.022943 0.028011
0 0.208564 0.533319 0.021838 0.028011
0 0.185067 0.558750 0.022943 0.030960
0 0.184100 0.595054 0.020456 0.026168
0 0.213401 0.569254 0.023220 0.024694
0 0.233580 0.554880 0.023220 0.028380
0 0.211604 0.596897 0.021838 0.026168
0 0.212987 0.629515 0.025155 0.023588
0 0.234271 0.609244 0.023496 0.026537
0 0.248093 0.579943 0.024602 0.026905
0 0.200547 0.659553 0.024602 0.025431
0 0.185482 0.687380 0.021561 0.025800
0 0.200962 0.713549 0.025431 0.026537
0 0.211190 0.733267 0.021008 0.023220
0 0.210775 0.683326 0.023496 0.028011
0 0.228052 0.654946 0.020456 0.026537
0 0.250719 0.630805 0.024326 0.029854
0 0.250580 0.661580 0.021838 0.026537
0 0.232336 0.688302 0.020732 0.023957
0 0.225702 0.713733 0.020732 0.025431
0 0.251272 0.707467 0.021008 0.024694
0 0.262467 0.684985 0.024602 0.024694
0 0.279329 0.656973 0.022391 0.021746
0 0.278361 0.632464 0.022114 0.025800
0 0.272280 0.599477 0.021561 0.026905
0 0.242149 0.738427 0.021561 0.024694
0 0.231784 0.763674 0.022943 0.025800
0 0.259426 0.760172 0.021838 0.025431
0 0.269239 0.731608 0.020456 0.026537
0 0.283337 0.703229 0.018797 0.028011
0 0.285272 0.756303 0.021561 0.027274
0 0.294809 0.733451 0.021285 0.025063
0 0.306833 0.714470 0.024326 0.023957
0 0.249751 0.494250 0.021838 0.029485
0 0.242841 0.530554 0.022943 0.024694
0 0.271865 0.515443 0.021838 0.028380
0 0.278223 0.490565 0.022943 0.028011
0 0.297158 0.454814 0.021008 0.026537
0 0.298126 0.415008 0.022391 0.026537
0 0.282093 0.429382 0.020732 0.031697
0 0.318167 0.435832 0.024326 0.027643
0 0.334061 0.341847 0.024049 0.032065
0 0.335167 0.372807 0.022391 0.028380
0 0.346362 0.407084 0.026537 0.027643
0 0.321207 0.475085 0.022114 0.026537
0 0.330882 0.499410 0.023773 0.027274
0 0.299370 0.515074 0.022667 0.026168
0 0.266337 0.545666 0.025155 0.031328
0 0.281264 0.573677 0.020179 0.025431
0 0.303654 0.577363 0.021285 0.028380
0 0.294118 0.543823 0.021008 0.027643
0 0.316508 0.542164 0.023220 0.026537
0 0.326183 0.578653 0.018797 0.025063
0 0.298679 0.595975 0.020732 0.021377
0 0.311394 0.751143 0.020179 0.025063
0 0.338484 0.749853 0.022943 0.024694
0 0.331850 0.724053 0.020732 0.022483
0 0.339452 0.636702 0.023773 0.029854
0 0.353549 0.666003 0.023220 0.025800
0 0.364745 0.646469 0.021838 0.027274
0 0.358387 0.717419 0.021285 0.025431
0 0.360598 0.692356 0.021838 0.028380
0 0.378289 0.681115 0.023496 0.029485
0 0.387273 0.703597 0.018797 0.023588
0 0.408420 0.708757 0.021838 0.022851
0 0.419892 0.694383 0.019350 0.019166
0 0.402477 0.684616 0.021561 0.024694
0 0.425282 0.682036 0.019626 0.024694
0 0.412152 0.661028 0.022667 0.029854
0 0.441591 0.663423 0.021285 0.021377
0 0.445323 0.683695 0.017138 0.018428
0 0.401509 0.631726 0.021285 0.028748
0 0.350785 0.592658 0.023773 0.030960
0 0.385200 0.556907 0.024049 0.031697
0 0.399989 0.591000 0.021561 0.028380
0 0.349265 0.523552 0.023496 0.032065
0 0.356590 0.493697 0.021561 0.026168
0 0.354931 0.435648 0.022114 0.028011
0 0.375525 0.417035 0.022391 0.026905
0 0.379533 0.453524 0.022114 0.026168
0 0.374281 0.527053 0.023220 0.025063
0 0.361704 0.353826 0.023496 0.030960
0 0.367232 0.386075 0.024602 0.029117
0 0.396257 0.350324 0.021285 0.030591
0 0.411599 0.389393 0.024326 0.033540
0 0.422656 0.415930 0.019903 0.028380
0 0.422103 0.450575 0.024878 0.031328
0 0.405932 0.471583 0.022943 0.031328
0 0.438412 0.466976 0.022667 0.025063
0 0.433437 0.510836 0.023220 0.029485
0 0.399160 0.511204 0.023220 0.027274
0 0.413672 0.536083 0.019073 0.023957
0 0.425282 0.584365 0.024602 0.027643
0 0.438689 0.609244 0.023220 0.024326
0 0.430672 0.632648 0.021008 0.025431
0 0.458591 0.624355 0.021561 0.026537
0 0.465226 0.689407 0.018797 0.025431
0 0.484299 0.729950 0.020456 0.023957
0 0.491071 0.706177 0.020732 0.025800
0 0.485128 0.671532 0.016586 0.023588
0 0.466331 0.661396 0.019350 0.027643
0 0.495080 0.657710 0.020456 0.026905
0 0.517194 0.645916 0.020456 0.030591
0 0.527145 0.671532 0.018244 0.024326
0 0.517747 0.709494 0.021008 0.028011
0 0.520373 0.731056 0.020179 0.021746
0 0.542625 0.755381 0.018797 0.024694
0 0.548845 0.717234 0.018521 0.022114
0 0.573308 0.709863 0.016586 0.024326
0 0.580081 0.688670 0.021285 0.024694
0 0.556446 0.689039 0.019903 0.026168
0 0.563495 0.662686 0.020732 0.023588
0 0.442835 0.394921 0.023220 0.032065
0 0.469648 0.398791 0.025431 0.028748
0 0.476421 0.431409 0.021838 0.029854
0 0.468543 0.461079 0.023220 0.026537
0 0.472551 0.508809 0.023496 0.029117
0 0.494389 0.492960 0.024049 0.024694
0 0.497706 0.458499 0.020179 0.028748
0 0.452925 0.535714 0.020179 0.026168
0 0.467713 0.566490 0.021561 0.026537
0 0.459835 0.588788 0.019626 0.019534
0 0.480153 0.609981 0.023220 0.026537
0 0.487754 0.578100 0.022391 0.026168
0 0.511803 0.579574 0.021285 0.028380
0 0.498259 0.612192 0.016862 0.024326
0 0.519543 0.606295 0.021285 0.024326
0 0.533088 0.586945 0.021838 0.025431
0 0.546357 0.609428 0.021285 0.028380
0 0.536958 0.628594 0.019626 0.023957
0 0.563495 0.633754 0.019626 0.024694
0 0.567227 0.600582 0.018244 0.028380
0 0.545666 0.558566 0.020456 0.023220
0 0.540552 0.537741 0.022943 0.028011
0 0.499364 0.547877 0.021838 0.023220
0 0.481397 0.537004 0.021285 0.025800
0 0.499226 0.522077 0.023773 0.026905
0 0.422518 0.274768 0.027919 0.035014
0 0.443250 0.259656 0.022943 0.038700
0 0.469510 0.264448 0.026261 0.035014
0 0.497291 0.258551 0.028195 0.035014
0 0.524795 0.248415 0.024602 0.033908
0 0.596113 0.244729 0.025155 0.035383
0 0.530186 0.283798 0.023773 0.036857
0 0.548015 0.310150 0.023496 0.030591
0 0.408973 0.315679 0.024049 0.029117
0 0.432745 0.311440 0.022391 0.035383
0 0.450437 0.343874 0.025708 0.031697
0 0.419339 0.349956 0.022114 0.031328
0 0.488307 0.334844 0.026261 0.033540
0 0.475592 0.301858 0.023496 0.028748
0 0.501299 0.292643 0.026261 0.030223
0 0.513600 0.323050 0.020456 0.027643
0 0.519543 0.361750 0.025708 0.031328
0 0.476006 0.365251 0.022114 0.026537
0 0.503511 0.385338 0.021838 0.027643
0 0.537649 0.386997 0.027090 0.033908
0 0.568885 0.382943 0.021008 0.034645
0 0.502267 0.422748 0.022114 0.029485
0 0.530324 0.417957 0.021838 0.028011
0 0.561284 0.415008 0.020179 0.027274
0 0.522308 0.458499 0.021838 0.030960
0 0.567227 0.452234 0.024878 0.039805
0 0.589479 0.436754 0.022943 0.027274
0 0.566259 0.490012 0.021838 0.030591
0 0.538202 0.480060 0.024326 0.026905
0 0.553267 0.509362 0.021838 0.029485
0 0.584365 0.525210 0.023773 0.026537
0 0.570820 0.552853 0.023220 0.026537
0 0.577324 0.566901 0.021852 0.027189
0 0.615602 0.727186 0.021008 0.028748
0 0.617122 0.746720 0.020732 0.022114
0 0.641033 0.731608 0.022667 0.024326
0 0.635366 0.709310 0.024049 0.026168
0 0.608414 0.687380 0.021008 0.025800
0 0.586577 0.656420 0.019903 0.025063
0 0.589575 0.623835 0.020484 0.027955
0 0.603432 0.596684 0.017833 0.024420
0 0.607890 0.644078 0.022412 0.027312
0 0.617288 0.618373 0.021448 0.027312
0 0.599455 0.467515 0.020002 0.026348
0 0.588731 0.495148 0.019761 0.028276
0 0.601263 0.399075 0.024581 0.030846
0 0.616324 0.425423 0.021930 0.026348
0 0.618855 0.452574 0.020725 0.029240
0 0.614999 0.485991 0.024581 0.026027
0 0.609456 0.516837 0.023617 0.027312
0 0.629458 0.513463 0.018315 0.032132
0 0.623554 0.544791 0.021448 0.031810
0 0.603914 0.562625 0.017833 0.023135
0 0.591985 0.542060 0.022894 0.024420
0 0.629579 0.679262 0.020002 0.023777
0 0.650786 0.677656 0.020484 0.025063
0 0.664160 0.711715 0.018797 0.023777
0 0.668980 0.744168 0.021207 0.025705
0 0.686934 0.728424 0.024822 0.023777
0 0.682596 0.690990 0.018556 0.026669
0 0.695730 0.689866 0.014941 0.025063
0 0.711635 0.676049 0.017833 0.024420
0 0.725974 0.684082 0.016146 0.024420
0 0.745132 0.665285 0.016387 0.024741
0 0.728745 0.657091 0.016869 0.025063
0 0.683801 0.647613 0.020002 0.026027
0 0.656328 0.646970 0.022894 0.025384
0 0.633435 0.642954 0.017592 0.025705
0 0.641749 0.617891 0.019761 0.025705
0 0.634037 0.589776 0.020243 0.025384
0 0.647653 0.560375 0.022412 0.032132
0 0.663076 0.536598 0.024340 0.028918
0 0.690067 0.545755 0.022894 0.026669
0 0.637049 0.483902 0.019520 0.026991
0 0.662955 0.506234 0.021207 0.027312
0 0.678017 0.508483 0.015182 0.026027
0 0.708141 0.496112 0.017592 0.026991
0 0.707177 0.521657 0.019520 0.025384
0 0.676451 0.478761 0.021207 0.026348
0 0.703200 0.459161 0.022171 0.029561
0 0.719587 0.460607 0.014941 0.026669
0 0.750193 0.483259 0.021689 0.028276
0 0.735131 0.513142 0.021930 0.032132
0 0.741397 0.538044 0.019520 0.025384
0 0.721274 0.555074 0.021207 0.026669
0 0.703803 0.579494 0.019520 0.027312
0 0.682716 0.595077 0.023617 0.029561
0 0.665365 0.567926 0.018797 0.024741
0 0.672113 0.623835 0.019761 0.026669
0 0.706213 0.627530 0.020002 0.018636
0 0.750313 0.636688 0.020002 0.028597
0 0.771882 0.649862 0.019761 0.029882
0 0.768146 0.619658 0.020002 0.022813
0 0.740915 0.609858 0.021930 0.028276
0 0.714045 0.603271 0.018797 0.029882
0 0.732119 0.574995 0.018797 0.028597
0 0.759471 0.549611 0.020002 0.027312
0 0.785256 0.549290 0.020002 0.024099
0 0.793209 0.523906 0.020966 0.025384
0 0.770918 0.588330 0.024099 0.025063
0 0.771159 0.519568 0.021207 0.030204
0 0.811885 0.470728 0.020243 0.032132
0 0.788389 0.485669 0.018556 0.031168
0 0.782606 0.460125 0.023858 0.026991
0 0.772364 0.432491 0.025063 0.034702
0 0.745614 0.440685 0.025063 0.029882
0 0.721395 0.427832 0.021448 0.027312
0 0.674402 0.441810 0.022894 0.029561
0 0.835382 0.392488 0.023376 0.031810
0 0.812488 0.398914 0.018556 0.028597
0 0.826827 0.365979 0.019761 0.033417
0 0.801885 0.369996 0.022412 0.029882
0 0.797185 0.338988 0.019279 0.032774
0 0.783931 0.347664 0.025545 0.033417
0 0.796101 0.301555 0.022412 0.029240
0 0.744048 0.407268 0.020484 0.029240
0 0.774532 0.383009 0.021207 0.028276
0 0.788992 0.405983 0.021689 0.034381
0 0.748506 0.374333 0.023135 0.032132
0 0.770315 0.319549 0.025786 0.034381
0 0.742602 0.316657 0.022412 0.036951
0 0.722841 0.320192 0.022894 0.036951
0 0.724769 0.368871 0.023858 0.034060
0 0.696694 0.356822 0.021207 0.028597
0 0.692597 0.387989 0.019761 0.032453
0 0.679343 0.383009 0.023617 0.031489
0 0.662473 0.404376 0.020725 0.029240
0 0.641869 0.433295 0.020966 0.026669
0 0.651750 0.458036 0.020002 0.029240
0 0.782606 0.269906 0.024340 0.032132
0 0.692235 0.286935 0.023858 0.029561
0 0.692597 0.322762 0.022171 0.033096
0 0.665606 0.293522 0.022653 0.033096
0 0.664401 0.330956 0.021207 0.033417
0 0.644761 0.361802 0.020484 0.022492
0 0.631025 0.397950 0.021930 0.029240
0 0.621747 0.353930 0.019279 0.025384
0 0.623072 0.318746 0.023858 0.032774
0 0.634037 0.280348 0.022171 0.036951
0 0.600540 0.295771 0.023135 0.029882
0 0.577767 0.321316 0.023376 0.029561
0 0.574393 0.286775 0.024822 0.032453