0 0.507358 0.476833 0.029133 0.021207
0 0.558769 0.473620 0.031703 0.021849
0 0.589829 0.497879 0.030418 0.024741
0 0.535206 0.499004 0.031703 0.023135
0 0.547201 0.536116 0.030846 0.025384
0 0.552128 0.567605 0.035559 0.025384
0 0.594542 0.559893 0.033845 0.023456
0 0.599040 0.531296 0.033417 0.023456
0 0.511642 0.550093 0.032560 0.026348
0 0.468800 0.553146 0.035987 0.021528
0 0.485509 0.513784 0.026562 0.021849
0 0.453805 0.509447 0.033417 0.024741
0 0.461945 0.473299 0.029133 0.025063
0 0.476940 0.447433 0.032560 0.024741
0 0.521496 0.438436 0.038558 0.022813
0 0.563696 0.446790 0.035559 0.022813
0 0.436883 0.441488 0.034702 0.023777
0 0.416104 0.465426 0.027419 0.023456
0 0.412891 0.494345 0.034702 0.021528
0 0.380974 0.470567 0.033417 0.026027
0 0.373262 0.512499 0.035987 0.023777
0 0.391470 0.544149 0.035559 0.024099
0 0.439668 0.574995 0.029133 0.024099
0 0.336204 0.496915 0.032988 0.026669
0 0.336418 0.522621 0.033417 0.021528
0 0.349699 0.546398 0.036844 0.020886
0 0.371120 0.581582 0.035131 0.023777
0 0.313069 0.540614 0.025277 0.024099
0 0.497933 0.200019 0.041128 0.022171
0 0.539490 0.191022 0.030846 0.029882
0 0.584046 0.194718 0.034274 0.026991
0 0.569051 0.222511 0.035131 0.025384
0 0.449521 0.203232 0.038558 0.031168
0 0.469229 0.243076 0.037701 0.029882
0 0.505002 0.242112 0.028704 0.026027
0 0.540775 0.258820 0.033417 0.032453
0 0.504573 0.275047 0.032988 0.031489
0 0.596470 0.258017 0.037701 0.028276
0 0.624746 0.214800 0.036844 0.031168
0 0.643382 0.245646 0.039843 0.028597
0 0.682797 0.261551 0.037273 0.026991
0 0.649166 0.285971 0.036844 0.026348
0 0.599469 0.287417 0.037701 0.026669
0 0.561339 0.292076 0.035131 0.030204
0 0.450164 0.274565 0.038986 0.032453
0 0.413962 0.246289 0.038558 0.030525
0 0.400681 0.274565 0.040272 0.025384
0 0.345629 0.266371 0.044984 0.028918
0 0.711287 0.315532 0.036844 0.025705
0 0.731637 0.345415 0.037273 0.030204
0 0.679369 0.349913 0.032988 0.025063
0 0.665660 0.318264 0.040700 0.026027
0 0.620461 0.317460 0.039415 0.026348
0 0.639312 0.346218 0.039415 0.029882
0 0.594328 0.347021 0.035987 0.025705
0 0.571407 0.329510 0.033845 0.029240
0 0.560697 0.365015 0.036416 0.032774
0 0.588758 0.386704 0.034274 0.027312
0 0.530064 0.331920 0.040272 0.025705
0 0.480796 0.316818 0.036844 0.026991
0 0.380331 0.305250 0.038130 0.030204
0 0.426172 0.307981 0.038986 0.023456
0 0.448022 0.336097 0.041557 0.031489
0 0.489364 0.346700 0.034274 0.028918
0 0.462588 0.374815 0.037273 0.033096
0 0.515070 0.379153 0.036844 0.032132
0 0.489364 0.405180 0.039415 0.025705
0 0.334704 0.304608 0.040272 0.028276
0 0.349913 0.338025 0.041557 0.025705
0 0.307928 0.324047 0.038130 0.032453
0 0.311141 0.356982 0.041985 0.033417
0 0.355911 0.367586 0.042414 0.030846
0 0.263372 0.349592 0.045841 0.032774
0 0.400895 0.343005 0.038130 0.029882
0 0.419318 0.372887 0.038130 0.024741
0 0.401966 0.407589 0.036844 0.032453
0 0.443952 0.408232 0.040272 0.027955
0 0.361481 0.402609 0.035559 0.028276
0 0.372834 0.432010 0.038558 0.029882
0 0.329563 0.427511 0.041985 0.029240
0 0.318424 0.396343 0.040272 0.029882
0 0.272155 0.400842 0.038558 0.028597
0 0.222244 0.378028 0.039843 0.029240
0 0.249448 0.428475 0.041128 0.030525
0 0.267442 0.455948 0.038558 0.028276
0 0.244522 0.477154 0.041557 0.026991
0 0.326993 0.460767 0.037701 0.026991
0 0.198895 0.426226 0.040272 0.028597
0 0.210676 0.459803 0.032132 0.028918
0 0.176403 0.440042 0.030418 0.029240
0 0.158837 0.475387 0.038986 0.026027
0 0.207463 0.479082 0.034274 0.021849
0 0.244950 0.499165 0.038130 0.024741
0 0.291220 0.485348 0.036416 0.025384
0 0.295504 0.516516 0.041557 0.031810
0 0.190112 0.506555 0.035559 0.024741
0 0.137416 0.504466 0.042414 0.028276
0 0.264443 0.554270 0.035131 0.023777
0 0.224386 0.533224 0.035559 0.026669
0 0.184114 0.538204 0.034702 0.027633
0 0.144485 0.535152 0.031703 0.026027
0 0.174260 0.564392 0.038130 0.020243
0 0.132061 0.558447 0.037701 0.025705
0 0.219673 0.564874 0.039843 0.024420
0 0.242379 0.586563 0.041557 0.026669
0 0.189684 0.597487 0.038986 0.023456
0 0.149840 0.584474 0.031275 0.023135
0 0.097787 0.598130 0.036844 0.027312
0 0.119637 0.620301 0.039415 0.024741
0 0.181758 0.621907 0.035131 0.024099
0 0.229313 0.613232 0.033417 0.025384
0 0.302573 0.597005 0.035987 0.024420
0 0.286721 0.611625 0.034274 0.020243
0 0.267871 0.654521 0.036844 0.023777
0 0.204464 0.656127 0.029990 0.023777
0 0.165478 0.654360 0.036844 0.022813
0 0.138487 0.677013 0.033417 0.023135
0 0.095859 0.663839 0.036416 0.024420
0 0.119422 0.685367 0.032988 0.017994
0 0.158409 0.698702 0.035559 0.020243
0 0.180258 0.683600 0.038986 0.024099
0 0.127562 0.735171 0.032988 0.025063
0 0.215817 0.687135 0.031275 0.023456
0 0.237024 0.677977 0.035987 0.022492
0 0.281152 0.676852 0.032560 0.025384
0 0.316925 0.635724 0.037273 0.020886
0 0.325065 0.621586 0.041557 0.023456
0 0.169119 0.749630 0.032132 0.028276
0 0.177474 0.784975 0.033417 0.023777
0 0.205321 0.754932 0.031703 0.024099
0 0.196324 0.726656 0.035131 0.022171
0 0.221601 0.775496 0.035987 0.020243
0 0.241737 0.761519 0.032560 0.021207
0 0.259731 0.791562 0.033417 0.021528
0 0.297003 0.794133 0.029990 0.020243
0 0.239166 0.722801 0.031703 0.020886
0 0.275154 0.712358 0.030846 0.024420
0 0.282651 0.744168 0.034702 0.023135
0 0.304929 0.769713 0.030418 0.020243
0 0.346272 0.786261 0.030846 0.022492
0 0.319924 0.675728 0.036416 0.023777
0 0.332991 0.704164 0.033417 0.025384
0 0.322066 0.730352 0.033845 0.025063
0 0.343915 0.751558 0.032988 0.025705
0 0.377118 0.740634 0.033417 0.021207
0 0.375404 0.710109 0.035987 0.018636
0 0.373262 0.695489 0.036844 0.019600
0 0.389971 0.772926 0.037701 0.024099
0 0.413962 0.757985 0.034274 0.023135
0 0.450807 0.815500 0.033417 0.024420
0 0.487865 0.787064 0.035559 0.021528
0 0.454877 0.759270 0.036416 0.023135
0 0.430885 0.730191 0.039843 0.026669
0 0.419103 0.706092 0.033417 0.024099
0 0.494505 0.760877 0.032560 0.024420
0 0.531564 0.763608 0.035559 0.021528
0 0.515927 0.730512 0.036844 0.023456
0 0.473299 0.725210 0.030418 0.022492
0 0.454448 0.699826 0.027847 0.022492
0 0.361052 0.645042 0.030418 0.027955
0 0.395112 0.636045 0.035987 0.021528
0 0.413320 0.665124 0.037273 0.021849
0 0.453591 0.661429 0.032132 0.021528
0 0.436026 0.634278 0.032988 0.022492
0 0.462374 0.614999 0.034274 0.021849
0 0.421031 0.610983 0.037273 0.024741
0 0.367693 0.603592 0.032560 0.018958
0 0.494077 0.684885 0.030846 0.022813
0 0.531992 0.693079 0.028704 0.022492
0 0.549772 0.668498 0.028276 0.019600
0 0.550629 0.715250 0.034274 0.022492
0 0.572692 0.742401 0.034702 0.021528
0 0.632886 0.744168 0.034274 0.025705
0 0.595827 0.715732 0.027847 0.020886
0 0.575049 0.698702 0.028276 0.024741
0 0.616606 0.676210 0.029133 0.020886
0 0.500075 0.653557 0.028276 0.019922
0 0.485294 0.636045 0.027847 0.026669
0 0.519782 0.623353 0.034274 0.021849
0 0.515712 0.598612 0.029561 0.023777
0 0.478011 0.591704 0.034702 0.022171
0 0.551057 0.604878 0.031703 0.025384
0 0.553199 0.640062 0.035131 0.022492
0 0.592614 0.646649 0.029990 0.027955
0 0.588116 0.597809 0.032988 0.027312
0 0.630958 0.612910 0.035559 0.026669
0 0.648309 0.651308 0.035987 0.023135
0 0.679369 0.649059 0.024420 0.022492
0 0.664160 0.681833 0.033417 0.026991
0 0.683868 0.707859 0.030846 0.019279
0 0.635885 0.704004 0.033417 0.021849
0 0.553842 0.405501 0.034702 0.030204
0 0.588330 0.417390 0.032560 0.023135
0 0.630101 0.413052 0.037273 0.029882
0 0.635885 0.379153 0.034274 0.028918
0 0.674014 0.399557 0.037701 0.027312
0 0.717927 0.400521 0.038130 0.029240
0 0.745132 0.379474 0.035987 0.028276
0 0.785189 0.402770 0.035559 0.027955
0 0.768053 0.430885 0.032132 0.025063
0 0.717499 0.429278 0.034702 0.024420
0 0.678941 0.427350 0.034702 0.025063
0 0.647238 0.443256 0.031275 0.026027
0 0.612321 0.452734 0.033417 0.031489
0 0.629030 0.481171 0.033417 0.026669
0 0.685367 0.464784 0.039843 0.026027
0 0.733136 0.462695 0.036844 0.028918
0 0.778549 0.456590 0.037701 0.023777
0 0.702718 0.489043 0.036844 0.022492
0 0.664160 0.497397 0.034274 0.028276
0 0.626888 0.510571 0.031703 0.023777
0 0.633314 0.541096 0.032560 0.020564
0 0.638884 0.561661 0.035987 0.019922
0 0.671444 0.528565 0.036844 0.022492
0 0.691794 0.555234 0.028704 0.027633
0 0.732065 0.521014 0.035559 0.027312
0 0.758627 0.500289 0.033845 0.023135
0 0.807682 0.493220 0.035987 0.027633
0 0.784118 0.524870 0.033417 0.024741
0 0.808753 0.541257 0.032988 0.025384
0 0.816893 0.579333 0.036416 0.021849
0 0.775764 0.558929 0.032988 0.026669
0 0.731851 0.552503 0.035131 0.027312
0 0.742990 0.580297 0.043699 0.024420
0 0.767196 0.608412 0.032988 0.028597
0 0.745132 0.626406 0.032560 0.024099
0 0.711287 0.621747 0.029990 0.025705
0 0.672086 0.588490 0.035559 0.026027
0 0.675514 0.618373 0.032988 0.027955
0 0.737635 0.668177 0.031275 0.024741