0 0.478600 0.514588 0.022653 0.028597
0 0.503422 0.531939 0.022171 0.031168
0 0.528364 0.554431 0.020966 0.027955
0 0.501494 0.570979 0.020243 0.033417
0 0.528726 0.594435 0.023135 0.026348
0 0.507278 0.607127 0.019279 0.031168
0 0.532822 0.620943 0.022171 0.022813
0 0.557644 0.600218 0.022653 0.027633
0 0.478962 0.601343 0.018556 0.023456
0 0.462936 0.585759 0.024099 0.028276
0 0.457273 0.614035 0.023376 0.023777
0 0.482336 0.635724 0.021930 0.027955
0 0.510652 0.644239 0.021689 0.026348
0 0.521255 0.680066 0.022171 0.026669
0 0.545715 0.698059 0.022412 0.024099
0 0.472455 0.745453 0.020002 0.019922
0 0.547523 0.663839 0.021207 0.028276
0 0.556319 0.633635 0.020002 0.025063
0 0.493421 0.673479 0.023858 0.026348
0 0.466430 0.672354 0.023376 0.031810
0 0.442573 0.706735 0.021448 0.026027
0 0.428596 0.679584 0.018074 0.025063
0 0.443898 0.657573 0.019279 0.022813
0 0.410040 0.705289 0.022412 0.027633
0 0.385097 0.732279 0.020243 0.024420
0 0.424017 0.611625 0.021448 0.027955
0 0.410642 0.629298 0.021689 0.027312
0 0.403292 0.672033 0.020484 0.026027
0 0.383410 0.697095 0.020725 0.028597
0 0.347744 0.715089 0.023617 0.023456
0 0.341961 0.683921 0.022653 0.023456
0 0.373891 0.662714 0.019520 0.020243
0 0.378350 0.626888 0.019761 0.030204
0 0.394616 0.594435 0.024822 0.028276
0 0.349311 0.638776 0.020002 0.022492
0 0.322200 0.709305 0.021689 0.027955
0 0.295330 0.687295 0.023376 0.026348
0 0.315452 0.664321 0.020243 0.025384
0 0.322923 0.634278 0.018315 0.026991
0 0.298463 0.634760 0.022894 0.026669
0 0.273761 0.664803 0.025063 0.029561
0 0.265327 0.627530 0.025063 0.024420
0 0.346419 0.604717 0.028195 0.025705
0 0.362324 0.576602 0.024822 0.026027
0 0.390158 0.557323 0.019279 0.028597
0 0.417872 0.571300 0.022653 0.025063
0 0.449802 0.550736 0.022412 0.026348
0 0.448236 0.515391 0.021207 0.030204
0 0.456430 0.477958 0.026509 0.027312
0 0.426186 0.533706 0.018556 0.025063
0 0.421125 0.503020 0.024822 0.022813
0 0.412811 0.468479 0.025545 0.027633
0 0.434741 0.439560 0.022653 0.030204
0 0.394978 0.521817 0.025545 0.029561
0 0.391604 0.480850 0.020243 0.028597
0 0.362204 0.540936 0.025063 0.027955
0 0.361722 0.495630 0.024581 0.033096
0 0.331116 0.566480 0.023617 0.025063
0 0.313645 0.596845 0.023376 0.031168
0 0.284967 0.591222 0.025786 0.028918
0 0.289184 0.555556 0.024581 0.028276
0 0.246048 0.547041 0.024581 0.027955
0 0.252795 0.588169 0.026027 0.029240
0 0.271110 0.530814 0.026509 0.028276
0 0.270147 0.497076 0.026509 0.030846
0 0.288341 0.466551 0.028677 0.034060
0 0.313886 0.538365 0.023858 0.020886
0 0.301957 0.511214 0.026991 0.039843
0 0.235565 0.512499 0.026268 0.028276
0 0.253639 0.459000 0.025786 0.029240
0 0.238939 0.426708 0.024340 0.026991
0 0.261350 0.393773 0.023376 0.028597
0 0.276533 0.426226 0.028677 0.033096
0 0.336297 0.517640 0.022412 0.029561
0 0.334370 0.481332 0.024822 0.031489
0 0.347744 0.450485 0.024581 0.031489
0 0.377627 0.451770 0.026509 0.033417
0 0.319428 0.445987 0.028677 0.034060
0 0.336177 0.417390 0.030846 0.032774
0 0.332080 0.387989 0.026509 0.040165
0 0.303523 0.410160 0.028195 0.029240
0 0.295450 0.377707 0.026509 0.038237
0 0.263760 0.353448 0.028677 0.034702
0 0.293763 0.332241 0.027473 0.035987
0 0.315814 0.306857 0.025304 0.028276
0 0.330996 0.343808 0.026750 0.037273
0 0.345334 0.311677 0.029400 0.034060
0 0.402569 0.421727 0.023376 0.037594
0 0.389315 0.385258 0.028195 0.038558
0 0.428114 0.403734 0.021930 0.034381
0 0.458478 0.419318 0.026750 0.034702
0 0.461852 0.387025 0.027714 0.038237
0 0.428234 0.368068 0.028918 0.032453
0 0.397629 0.345575 0.027473 0.030525
0 0.328224 0.259623 0.028436 0.034060
0 0.359312 0.268781 0.027473 0.036951
0 0.390279 0.247253 0.028677 0.040807
0 0.415100 0.228616 0.024822 0.038237
0 0.452574 0.239862 0.027473 0.037594
0 0.420522 0.281634 0.033256 0.032453
0 0.387869 0.304929 0.027714 0.037915
0 0.365818 0.345415 0.025545 0.028918
0 0.425222 0.321637 0.028195 0.035987
0 0.458357 0.328546 0.026509 0.038237
0 0.465105 0.286132 0.022171 0.036951
0 0.485589 0.241148 0.023617 0.033096
0 0.501856 0.279063 0.026268 0.035023
0 0.490891 0.321477 0.025545 0.036951
0 0.489806 0.361159 0.023858 0.034060
0 0.492096 0.401645 0.025545 0.032774
0 0.479805 0.447754 0.023135 0.030525
0 0.509326 0.447593 0.021930 0.025705
0 0.519809 0.412731 0.021207 0.027312
0 0.519207 0.379153 0.031087 0.030846
0 0.496313 0.482777 0.024822 0.031168
0 0.520894 0.481332 0.020484 0.028276
0 0.539450 0.451931 0.024822 0.029240
0 0.549812 0.483420 0.025786 0.031810
0 0.532340 0.514266 0.022653 0.028597
0 0.556078 0.535473 0.020002 0.027955
0 0.520532 0.196003 0.025063 0.033417
0 0.570175 0.228777 0.023617 0.037273
0 0.598009 0.192950 0.022894 0.032453
0 0.642592 0.197770 0.025786 0.035666
0 0.679463 0.207892 0.026750 0.032774
0 0.716093 0.235685 0.024822 0.032453
0 0.739469 0.252876 0.021448 0.033417
0 0.704164 0.275689 0.026509 0.032774
0 0.686934 0.246771 0.026268 0.032774
0 0.651388 0.239862 0.025545 0.033096
0 0.617891 0.233918 0.024581 0.036630
0 0.590177 0.266853 0.024581 0.036309
0 0.635362 0.276171 0.032051 0.035666
0 0.668980 0.293201 0.019761 0.036309
0 0.538727 0.250627 0.028677 0.036630
0 0.544992 0.288863 0.026750 0.031489
0 0.526436 0.325172 0.029641 0.033417
0 0.547041 0.357464 0.021207 0.035023
0 0.572826 0.313765 0.023135 0.033096
0 0.611866 0.311677 0.025545 0.034702
0 0.643676 0.320513 0.025063 0.038879
0 0.617770 0.355376 0.025786 0.033417
0 0.583068 0.351359 0.025304 0.034381
0 0.580056 0.389435 0.026027 0.028276
0 0.549692 0.405983 0.027473 0.040807
0 0.609215 0.388632 0.022653 0.032453
0 0.642351 0.399235 0.028677 0.039522
0 0.654762 0.359231 0.026509 0.034060
0 0.698019 0.364051 0.027714 0.036630
0 0.720431 0.341720 0.017592 0.031810
0 0.745735 0.337703 0.022894 0.034060
0 0.728624 0.301716 0.025786 0.039843
0 0.699947 0.320352 0.025786 0.034060
0 0.564392 0.436669 0.023617 0.035987
0 0.592467 0.430082 0.022894 0.036309
0 0.618614 0.453216 0.026991 0.029882
0 0.606083 0.485027 0.022171 0.030525
0 0.584153 0.470889 0.030364 0.033096
0 0.575477 0.504306 0.023617 0.029240
0 0.600781 0.521335 0.022171 0.033738
0 0.636929 0.510089 0.021207 0.034381
0 0.659100 0.511696 0.020243 0.029240
0 0.671029 0.474102 0.023376 0.029882
0 0.644038 0.430564 0.024822 0.025705
0 0.678017 0.401484 0.030123 0.033738
0 0.682716 0.430724 0.029882 0.024741
0 0.700911 0.461249 0.023858 0.029882
0 0.556319 0.567284 0.024340 0.027312
0 0.585840 0.551378 0.019761 0.024420
0 0.583189 0.587527 0.023617 0.027312
0 0.584514 0.617088 0.022894 0.026669
0 0.581261 0.646970 0.023617 0.027312
0 0.609336 0.633314 0.022412 0.029561
0 0.633917 0.630583 0.022412 0.029240
0 0.610902 0.598130 0.021689 0.026669
0 0.628133 0.577084 0.024340 0.026348
0 0.650304 0.555716 0.024822 0.031168
0 0.620060 0.544470 0.024581 0.027955
0 0.623193 0.700469 0.022653 0.028918
0 0.655003 0.698863 0.021689 0.020564
0 0.662473 0.671872 0.020725 0.026348
0 0.682355 0.680708 0.019038 0.025384
0 0.704767 0.682957 0.022412 0.027955
0 0.749349 0.683921 0.017592 0.024099
0 0.741397 0.651147 0.022894 0.024741
0 0.714286 0.648577 0.022653 0.026669
0 0.686331 0.648577 0.020725 0.030525
0 0.626084 0.665767 0.023135 0.025063
0 0.594515 0.665606 0.021207 0.024741
0 0.662353 0.636849 0.021448 0.025705
0 0.648978 0.600379 0.024099 0.025384
0 0.678740 0.582546 0.022412 0.023135
0 0.689585 0.617088 0.021930 0.022171
0 0.712719 0.617730 0.020002 0.026027
0 0.705731 0.586884 0.022894 0.027312
0 0.685849 0.556359 0.026991 0.021528
0 0.718623 0.523424 0.026991 0.032132
0 0.688259 0.504627 0.024099 0.032453
0 0.725010 0.488882 0.022412 0.030525
0 0.751157 0.509929 0.031810 0.029561
0 0.780196 0.526798 0.023376 0.034381
0 0.815741 0.548487 0.022653 0.030846
0 0.793811 0.575316 0.024581 0.033738
0 0.759350 0.551700 0.020725 0.026348
0 0.762363 0.587366 0.020966 0.032132
0 0.736939 0.588008 0.024581 0.025705
0 0.758748 0.618855 0.022412 0.028918
0 0.766339 0.642632 0.021689 0.027633
0 0.804656 0.500289 0.023135 0.024420
0 0.802607 0.469925 0.021930 0.025384
0 0.780075 0.489043 0.018797 0.028918
0 0.755374 0.478600 0.024822 0.021528
0 0.745855 0.451770 0.028436 0.026991
0 0.785377 0.446147 0.027955 0.032453
0 0.815380 0.429278 0.020484 0.031489
0 0.772605 0.416265 0.025545 0.033738
0 0.809235 0.390078 0.023617 0.030846
0 0.741035 0.413534 0.021689 0.028276
0 0.733203 0.379474 0.019038 0.034060
0 0.767423 0.354894 0.019520 0.030525
0 0.787546 0.377064 0.025545 0.031168
0 0.804053 0.335775 0.020966 0.032132
0 0.761881 0.283401 0.024822 0.033417
0 0.779593 0.312641 0.023617 0.030204