0 0.483782 0.527280 0.009398 0.008354
0 0.493060 0.519407 0.007230 0.009318
0 0.501856 0.512660 0.006989 0.009318
0 0.510652 0.508965 0.008194 0.011567
0 0.519448 0.498040 0.008917 0.010925
0 0.517279 0.487115 0.007471 0.008997
0 0.529569 0.492578 0.007953 0.008997
0 0.536076 0.481814 0.007953 0.008676
0 0.547523 0.482617 0.008676 0.011567
0 0.568609 0.470567 0.008917 0.010603
0 0.574754 0.459482 0.007712 0.009639
0 0.552945 0.471049 0.006025 0.008354
0 0.554391 0.460767 0.006989 0.008997
0 0.565476 0.452252 0.006507 0.009961
0 0.585840 0.456590 0.006748 0.009639
0 0.597286 0.453216 0.008917 0.009318
0 0.427511 0.516676 0.007230 0.011567
0 0.437753 0.521496 0.006989 0.010282
0 0.446067 0.523585 0.007230 0.006748
0 0.447754 0.515873 0.007712 0.008676
0 0.456550 0.514427 0.006507 0.009639
0 0.466551 0.508804 0.007712 0.009318
0 0.476311 0.512981 0.007953 0.010603
0 0.486191 0.512339 0.006989 0.011246
0 0.467153 0.518122 0.006989 0.009961
0 0.508844 0.495148 0.006989 0.008997
0 0.496072 0.501735 0.007471 0.009318
0 0.484866 0.499807 0.008676 0.010603
0 0.494505 0.489043 0.007230 0.009639
0 0.473901 0.498361 0.008435 0.008997
0 0.484023 0.485830 0.007953 0.008354
0 0.491373 0.475387 0.008194 0.009961
0 0.506675 0.480528 0.006025 0.008033
0 0.509085 0.469603 0.008917 0.008676
0 0.499446 0.466551 0.008435 0.008997
0 0.526436 0.481332 0.006989 0.009639
0 0.518363 0.473781 0.006266 0.008033
0 0.543064 0.468961 0.007953 0.009961
0 0.533304 0.468961 0.006748 0.008033
0 0.477034 0.473941 0.009398 0.010925
0 0.469081 0.483099 0.007471 0.009318
0 0.462816 0.494505 0.006989 0.008354
0 0.454863 0.502860 0.009398 0.008997
0 0.437030 0.506073 0.006989 0.009639
0 0.443657 0.498683 0.005302 0.009639
0 0.451489 0.491453 0.008917 0.009961
0 0.459683 0.483099 0.007471 0.008033
0 0.488601 0.462374 0.007471 0.012210
0 0.427029 0.502378 0.004820 0.009961
0 0.434018 0.493220 0.007712 0.010282
0 0.439199 0.478922 0.006507 0.009318
0 0.450525 0.475869 0.007471 0.012853
0 0.421245 0.491453 0.006748 0.011246
0 0.428355 0.483099 0.007953 0.009318
0 0.417872 0.502699 0.007712 0.008676
0 0.411365 0.493702 0.007712 0.013174
0 0.402448 0.500932 0.005784 0.011567
0 0.390520 0.498201 0.008435 0.014459
0 0.400039 0.488240 0.007230 0.011246
0 0.410040 0.478922 0.006989 0.008033
0 0.426427 0.473299 0.008435 0.008997
0 0.435825 0.465908 0.008917 0.014781
0 0.445103 0.462695 0.007712 0.010925
0 0.452453 0.455305 0.007471 0.010925
0 0.461370 0.469443 0.009398 0.011567
0 0.470045 0.465748 0.006507 0.010603
0 0.475709 0.452574 0.008676 0.009318
0 0.463177 0.454502 0.009158 0.012531
0 0.606203 0.432652 0.007953 0.009961
0 0.605842 0.415944 0.007230 0.009961
0 0.604155 0.399075 0.009158 0.008997
0 0.602950 0.388953 0.006748 0.009961
0 0.598250 0.425262 0.006507 0.011246
0 0.598250 0.410321 0.004579 0.008997
0 0.590298 0.406144 0.006989 0.012853
0 0.591262 0.390238 0.005543 0.010603
0 0.592708 0.435705 0.006025 0.008997
0 0.585478 0.437311 0.005061 0.010282
0 0.579333 0.448879 0.006748 0.014138
0 0.570175 0.440364 0.007712 0.011889
0 0.575357 0.425423 0.007953 0.012210
0 0.585719 0.423013 0.007471 0.011889
0 0.590780 0.348467 0.005543 0.011246
0 0.593913 0.371763 0.006989 0.007069
0 0.588731 0.361481 0.006748 0.009639
0 0.585599 0.378671 0.007712 0.010603
0 0.581502 0.371441 0.006266 0.009639
0 0.577405 0.411124 0.003374 0.006748
0 0.580538 0.396825 0.006266 0.010282
0 0.577044 0.386543 0.005061 0.010925
0 0.573188 0.404376 0.006025 0.011889
0 0.567645 0.415622 0.005061 0.009318
0 0.563066 0.403252 0.008435 0.011567
0 0.566681 0.390560 0.007953 0.009318
0 0.559090 0.439239 0.007712 0.011567
0 0.569693 0.377707 0.010603 0.011889
0 0.570175 0.363087 0.007712 0.009639
0 0.579333 0.353448 0.007230 0.011567
0 0.575236 0.337061 0.006748 0.010925
0 0.549451 0.438596 0.009158 0.009639
0 0.549210 0.450003 0.006266 0.010603
0 0.559331 0.421727 0.008194 0.004820
0 0.554873 0.411927 0.009398 0.008354
0 0.552463 0.399878 0.006507 0.009318
0 0.556439 0.385901 0.007230 0.010282
0 0.560415 0.374333 0.006989 0.010925
0 0.557885 0.357625 0.009158 0.009639
0 0.567043 0.347985 0.009639 0.011567
0 0.561861 0.329670 0.009398 0.008997
0 0.551258 0.325011 0.006989 0.010603
0 0.553909 0.345897 0.006025 0.010603
0 0.546318 0.355536 0.007230 0.011889
0 0.544992 0.335133 0.007953 0.009639
0 0.545354 0.312480 0.008676 0.010603
0 0.529690 0.311516 0.008676 0.010603
0 0.533063 0.329831 0.008194 0.010603
0 0.539329 0.346700 0.009639 0.011567
0 0.550174 0.370477 0.008194 0.008997
0 0.547282 0.382206 0.007712 0.008033
0 0.541859 0.395379 0.008435 0.008033
0 0.544992 0.409357 0.005543 0.008354
0 0.544269 0.421567 0.006989 0.008997
0 0.540534 0.445665 0.009158 0.010925
0 0.538968 0.458518 0.007471 0.005784
0 0.530051 0.451449 0.006507 0.010282
0 0.528485 0.439400 0.010121 0.011889
0 0.525472 0.461089 0.007471 0.010925
0 0.536317 0.430242 0.007471 0.009639
0 0.534630 0.417068 0.006989 0.008354
0 0.533063 0.405019 0.008194 0.009318
0 0.528726 0.391684 0.006748 0.010925
0 0.525111 0.379474 0.007712 0.007069
0 0.539209 0.375619 0.008435 0.008354
0 0.536919 0.362927 0.007230 0.008676
0 0.511495 0.300270 0.007953 0.008676
0 0.508121 0.317942 0.006989 0.006748
0 0.515953 0.330313 0.008676 0.008354
0 0.523906 0.338185 0.006748 0.011889
0 0.529569 0.352966 0.007953 0.008676
0 0.519448 0.352966 0.007471 0.009318
0 0.521737 0.367264 0.008194 0.007712
0 0.523785 0.411445 0.006025 0.011246
0 0.522099 0.426226 0.007953 0.009961
0 0.518725 0.443095 0.007471 0.014781
0 0.513061 0.455787 0.006266 0.009318
0 0.503783 0.450164 0.008435 0.007712
0 0.512459 0.430724 0.006989 0.012531
0 0.501494 0.435062 0.006748 0.009639
0 0.490650 0.437151 0.007712 0.008676
0 0.498361 0.423977 0.007712 0.009318
0 0.507760 0.416908 0.008194 0.008033
0 0.514025 0.405662 0.008194 0.014459
0 0.516676 0.391363 0.009639 0.008997
0 0.514507 0.379153 0.008676 0.010282
0 0.494987 0.299467 0.008194 0.010925
0 0.499325 0.311837 0.007230 0.009961
0 0.507157 0.333847 0.008917 0.013495
0 0.508483 0.346218 0.006266 0.009318
0 0.511375 0.361481 0.008194 0.008997
0 0.504265 0.372566 0.006025 0.009961
0 0.499084 0.358107 0.007712 0.008676
0 0.495228 0.344451 0.008676 0.010925
0 0.496915 0.328064 0.009158 0.010282
0 0.489565 0.321959 0.008435 0.010925
0 0.484023 0.289184 0.008917 0.010925
0 0.469684 0.305893 0.008194 0.008997
0 0.478841 0.326136 0.009639 0.010282
0 0.483902 0.337382 0.008676 0.012210
0 0.485107 0.358910 0.007712 0.014138
0 0.493783 0.372727 0.009158 0.008997
0 0.502579 0.384776 0.006507 0.012531
0 0.504627 0.394737 0.006266 0.009961
0 0.432933 0.293683 0.009398 0.009639
0 0.453176 0.298021 0.008917 0.009318
0 0.461008 0.317139 0.009639 0.009639
0 0.464382 0.334811 0.008194 0.008997
0 0.475227 0.346539 0.008676 0.009318
0 0.474022 0.360195 0.010121 0.009639
0 0.481974 0.372405 0.008194 0.007712
0 0.488240 0.386222 0.007712 0.010925
0 0.494024 0.396665 0.005784 0.011246
0 0.500530 0.407268 0.006748 0.011246
0 0.489686 0.410481 0.006266 0.010603
0 0.487276 0.424137 0.007230 0.008997
0 0.480046 0.436026 0.009158 0.014138
0 0.477154 0.421727 0.007712 0.010603
0 0.469081 0.415783 0.006989 0.010282
0 0.482818 0.397789 0.006989 0.010282
0 0.475949 0.386865 0.006266 0.008997
0 0.471491 0.400360 0.008435 0.010282
0 0.465587 0.389274 0.007230 0.008676
0 0.467756 0.373369 0.008194 0.011567
0 0.469563 0.440685 0.006507 0.009318
0 0.458357 0.442131 0.009639 0.007712
0 0.462936 0.426708 0.007712 0.010282
0 0.450525 0.313444 0.005543 0.008033
0 0.452935 0.328224 0.008917 0.009961
0 0.459442 0.347021 0.006989 0.008354
0 0.460888 0.361320 0.007953 0.008033
0 0.437874 0.306696 0.010121 0.011889
0 0.441006 0.329028 0.008676 0.012853
0 0.432331 0.318264 0.008194 0.008676
0 0.419077 0.304286 0.010121 0.010282
0 0.414136 0.290148 0.009398 0.011567
0 0.450887 0.354572 0.007712 0.010603
0 0.452694 0.369192 0.007471 0.011567
0 0.454020 0.383169 0.006748 0.014459
0 0.456912 0.399717 0.009639 0.011567
0 0.457755 0.411927 0.009398 0.009639
0 0.450766 0.424619 0.009398 0.011246
0 0.446911 0.437633 0.007471 0.010925
0 0.443416 0.446629 0.006266 0.011567
0 0.434620 0.439078 0.006989 0.011246
0 0.430523 0.452895 0.008435 0.010603
0 0.431367 0.427350 0.008194 0.010925
0 0.421245 0.443577 0.010121 0.010603
0 0.420161 0.453377 0.007471 0.008354
0 0.424499 0.463820 0.006989 0.005462
0 0.414980 0.467033 0.007712 0.011246
0 0.441729 0.343969 0.009158 0.008033
0 0.446188 0.405662 0.007471 0.011246
0 0.441850 0.387668 0.008435 0.011246
0 0.442814 0.373851 0.007471 0.010603
0 0.441006 0.357143 0.005302 0.012531
0 0.432813 0.350074 0.007712 0.008676
0 0.428837 0.335133 0.007953 0.013495
0 0.417510 0.327742 0.007953 0.010282
0 0.419318 0.340756 0.008676 0.009961
0 0.422450 0.353126 0.007712 0.010282
0 0.431126 0.362123 0.008676 0.008997
0 0.431246 0.378189 0.006989 0.009639
0 0.431608 0.394416 0.008194 0.008676
0 0.435102 0.406626 0.007471 0.009961
0 0.427752 0.414176 0.008676 0.012210
0 0.423776 0.399878 0.008435 0.010603
0 0.421004 0.384294 0.008194 0.009639
0 0.420161 0.368871 0.007953 0.010925
0 0.412449 0.354412 0.008435 0.011567
0 0.407871 0.340916 0.008917 0.009639
0 0.407509 0.326457 0.010603 0.013495
0 0.405581 0.311355 0.008676 0.008997
0 0.404858 0.294808 0.009639 0.011246
0 0.393893 0.299467 0.009398 0.011567
0 0.395098 0.315211 0.007471 0.011567
0 0.397629 0.330313 0.006748 0.010925
0 0.393291 0.346379 0.008194 0.015423
0 0.400882 0.362605 0.008917 0.010603
0 0.410883 0.374333 0.008194 0.011567
0 0.401605 0.374976 0.007471 0.010925
0 0.412931 0.392166 0.006025 0.009318
0 0.416908 0.409678 0.004820 0.008997
0 0.418715 0.425101 0.008435 0.011567
0 0.383169 0.307018 0.008676 0.009318
0 0.385820 0.319228 0.009158 0.007390
0 0.386905 0.334329 0.008917 0.009318
0 0.383290 0.347343 0.007471 0.012210
0 0.390038 0.359392 0.006989 0.009961
0 0.388953 0.375940 0.007230 0.012853
0 0.371241 0.312962 0.008435 0.009639
0 0.376301 0.326939 0.008435 0.009318
0 0.364493 0.327421 0.007953 0.009639
0 0.369915 0.340113 0.009158 0.009961
0 0.372446 0.353769 0.008435 0.011567
0 0.353408 0.333687 0.008435 0.010603
0 0.361240 0.352323 0.007712 0.011889
0 0.367867 0.369353 0.009880 0.011246
0 0.379193 0.369835 0.006507 0.014138
0 0.376904 0.381402 0.009158 0.013495
0 0.402810 0.394094 0.006989 0.010603
0 0.406425 0.407429 0.007953 0.011567
0 0.394978 0.400842 0.006266 0.008033
0 0.388110 0.390078 0.006507 0.007712
0 0.350998 0.350074 0.006507 0.009318
0 0.356299 0.366782 0.007953 0.013174
0 0.342684 0.360356 0.009158 0.009961
0 0.347865 0.372887 0.009398 0.010603
0 0.335816 0.370156 0.009398 0.010282
0 0.335454 0.383651 0.009158 0.010925
0 0.356420 0.387025 0.009639 0.010603
0 0.366059 0.382848 0.007230 0.008676
0 0.365577 0.395701 0.009158 0.013174
0 0.381121 0.400360 0.007953 0.012210
0 0.387628 0.410803 0.008435 0.013174
0 0.345094 0.394255 0.008194 0.010282
0 0.334972 0.401806 0.009639 0.010603
0 0.407027 0.421567 0.009158 0.008997
0 0.412329 0.435383 0.006266 0.012210
0 0.403653 0.444380 0.007230 0.009639
0 0.396424 0.415301 0.007230 0.012531
0 0.354010 0.400039 0.008676 0.012853
0 0.363529 0.409196 0.009880 0.012531
0 0.376181 0.412249 0.008676 0.011567
0 0.377868 0.428154 0.008676 0.012531
0 0.387025 0.427672 0.006748 0.011567
0 0.384736 0.437151 0.005543 0.006105
0 0.398231 0.431528 0.009398 0.010282
0 0.404376 0.455144 0.006748 0.009318
0 0.403774 0.468318 0.007953 0.010603
0 0.337502 0.414658 0.010362 0.009318
0 0.350757 0.413373 0.008917 0.013174
0 0.360396 0.421085 0.009398 0.010603
0 0.366662 0.431528 0.007471 0.012210
0 0.356179 0.434741 0.008676 0.012853
0 0.344371 0.426386 0.010603 0.013495
0 0.328224 0.439560 0.011567 0.014138
0 0.341358 0.440685 0.008435 0.013817
0 0.351239 0.446629 0.009398 0.010925
0 0.334490 0.450164 0.007230 0.005141
0 0.331839 0.466551 0.008676 0.010925
0 0.341961 0.456430 0.007230 0.008676
0 0.354131 0.460285 0.010362 0.008676
0 0.364734 0.454180 0.008917 0.009318
0 0.373168 0.448397 0.007953 0.011889
0 0.392327 0.447915 0.007230 0.010925
0 0.382808 0.452895 0.008435 0.010603
0 0.392688 0.460767 0.006989 0.010925
0 0.384374 0.468318 0.007230 0.012531
0 0.370277 0.465748 0.008435 0.009961
0 0.375940 0.476351 0.007230 0.010603
0 0.392327 0.477958 0.008676 0.011889
0 0.385941 0.484866 0.009398 0.011567
0 0.357263 0.473941 0.011326 0.012210
0 0.345816 0.469122 0.005302 0.011567
0 0.348949 0.482617 0.009158 0.010282
0 0.336900 0.478600 0.007712 0.012531
0 0.321477 0.431528 0.007712 0.008354