0 0.576065 0.373889 0.010794 0.015352
0 0.602931 0.397077 0.011274 0.014393
0 0.608329 0.412429 0.011034 0.012474
0 0.615885 0.430979 0.011754 0.016951
0 0.547520 0.365893 0.009355 0.014712
0 0.560473 0.368291 0.012713 0.016312
0 0.564791 0.386042 0.012713 0.014712
0 0.577504 0.390520 0.012234 0.015352
0 0.589618 0.402674 0.013913 0.019830
0 0.529409 0.364134 0.012474 0.015032
0 0.504102 0.368451 0.011754 0.016631
0 0.501583 0.388121 0.011034 0.015032
0 0.490429 0.376447 0.011754 0.016631
0 0.524132 0.381085 0.011994 0.015032
0 0.539124 0.379965 0.011754 0.015992
0 0.551358 0.383803 0.010315 0.017271
0 0.477955 0.379166 0.011274 0.016951
0 0.465841 0.388281 0.011034 0.016631
0 0.456007 0.399795 0.011994 0.015992
0 0.444133 0.408591 0.011754 0.013113
0 0.475676 0.398996 0.012953 0.013753
0 0.490309 0.401874 0.012474 0.018231
0 0.503862 0.406512 0.008875 0.018551
0 0.514297 0.395797 0.011034 0.013113
0 0.534206 0.397397 0.012474 0.016951
0 0.546560 0.400755 0.010315 0.016631
0 0.567190 0.406192 0.012713 0.016631
0 0.579064 0.415147 0.011994 0.018551
0 0.590698 0.423303 0.011274 0.019510
0 0.602931 0.428900 0.009835 0.016631
0 0.554716 0.413868 0.012713 0.016631
0 0.537565 0.414028 0.011994 0.015032
0 0.524372 0.408111 0.011514 0.017911
0 0.514177 0.417866 0.013193 0.018231
0 0.527970 0.426182 0.011034 0.017591
0 0.540803 0.433698 0.010794 0.015992
0 0.550998 0.431939 0.011514 0.016951
0 0.562752 0.428261 0.011994 0.014073
0 0.575705 0.431939 0.011034 0.016951
0 0.592497 0.441694 0.012474 0.017271
0 0.467521 0.412269 0.011994 0.014712
0 0.480594 0.416107 0.012234 0.015352
0 0.494267 0.419305 0.012713 0.015992
0 0.455647 0.419945 0.012234 0.016631
0 0.439575 0.425382 0.011274 0.018551
0 0.450249 0.435937 0.011034 0.016631
0 0.439935 0.444732 0.011994 0.013753
0 0.443413 0.459605 0.011274 0.014712
0 0.453248 0.472238 0.012234 0.013113
0 0.460084 0.459605 0.012474 0.015352
0 0.463323 0.439455 0.011754 0.017271
0 0.473398 0.428900 0.013193 0.014712
0 0.580623 0.446331 0.012234 0.015032
0 0.606529 0.446971 0.012234 0.016951
0 0.619243 0.446331 0.011754 0.015672
0 0.620922 0.462963 0.010794 0.016951
0 0.609528 0.463443 0.010075 0.014073
0 0.595855 0.459445 0.011034 0.017591
0 0.582662 0.465362 0.011994 0.017271
0 0.569948 0.460564 0.011994 0.017271
0 0.566110 0.443773 0.010555 0.015672
0 0.554956 0.454487 0.010794 0.017271
0 0.541643 0.450969 0.011514 0.014712
0 0.526650 0.442493 0.012234 0.016312
0 0.512857 0.436097 0.012953 0.015672
0 0.498825 0.435137 0.012713 0.016312
0 0.485391 0.433058 0.010315 0.017271
0 0.477236 0.447771 0.013193 0.016631
0 0.490789 0.450969 0.012474 0.017271
0 0.506860 0.451289 0.013913 0.015352
0 0.544641 0.466481 0.012234 0.013113
0 0.558074 0.470479 0.011274 0.014712
0 0.592976 0.479754 0.012474 0.016631
0 0.605570 0.477995 0.012713 0.016951
0 0.618403 0.479115 0.011514 0.013433
0 0.531688 0.458645 0.012713 0.014712
0 0.517775 0.460244 0.012713 0.017271
0 0.507340 0.474317 0.012953 0.016631
0 0.497865 0.464082 0.011274 0.014712
0 0.484432 0.466961 0.013193 0.019190
0 0.468960 0.475596 0.011514 0.018551
0 0.459485 0.487430 0.012713 0.017271
0 0.472198 0.492068 0.009835 0.015672
0 0.485511 0.497345 0.009595 0.015992
0 0.491029 0.483432 0.011514 0.013753
0 0.502903 0.489669 0.011754 0.015352
0 0.516096 0.491908 0.011274 0.014712
0 0.521133 0.475756 0.012234 0.014393
0 0.533607 0.475437 0.011274 0.015032
0 0.543202 0.483432 0.012713 0.013753
0 0.556515 0.486791 0.011994 0.015992
0 0.568509 0.494467 0.012474 0.014073
0 0.580743 0.490469 0.011514 0.016951
0 0.611687 0.495586 0.010075 0.015672
0 0.600053 0.494947 0.009835 0.015032
0 0.602691 0.509179 0.013673 0.016631
0 0.588539 0.501663 0.009355 0.014393
0 0.494747 0.505501 0.011274 0.016951
0 0.508420 0.505181 0.008396 0.018870
0 0.520294 0.511258 0.011034 0.016951
0 0.528210 0.494467 0.011994 0.015352
0 0.540443 0.501183 0.011514 0.014712
0 0.553157 0.503262 0.011514 0.016951
0 0.562992 0.511258 0.010555 0.015032
0 0.576905 0.507900 0.012474 0.015992
0 0.584581 0.519894 0.012474 0.016312
0 0.572107 0.523892 0.011514 0.015352
0 0.557714 0.527570 0.014393 0.018231
0 0.545241 0.517015 0.012474 0.016312
0 0.531928 0.519414 0.012234 0.015992