0 0.110252 0.627852 0.031569 0.034702
0 0.096274 0.575638 0.040245 0.058801
0 0.157606 0.598451 0.034702 0.053017
0 0.173390 0.547201 0.035425 0.048197
0 0.154352 0.672515 0.033979 0.046912
0 0.201104 0.695971 0.036389 0.054624
0 0.209538 0.631868 0.043137 0.049804
0 0.220262 0.575316 0.040004 0.058801
0 0.224600 0.507197 0.044824 0.062014
0 0.179897 0.478440 0.033979 0.052053
0 0.266170 0.566159 0.042655 0.055266
0 0.260507 0.624478 0.039040 0.057516
0 0.251229 0.686171 0.034943 0.053660
0 0.295209 0.686492 0.041932 0.060086
0 0.307861 0.608251 0.036871 0.059765
0 0.360396 0.679744 0.037353 0.047876
0 0.359071 0.625442 0.039522 0.051732
0 0.324489 0.545916 0.033015 0.055266
0 0.367023 0.571461 0.044824 0.057516
0 0.408232 0.664000 0.045788 0.051089
0 0.413775 0.605360 0.038076 0.052053
0 0.457032 0.584795 0.042173 0.053981
0 0.463780 0.652111 0.040245 0.051089
0 0.494144 0.614517 0.036871 0.040807
0 0.363409 0.499968 0.041932 0.059122
0 0.312319 0.481653 0.046751 0.051411
0 0.268339 0.459161 0.043137 0.064906
0 0.418595 0.542542 0.039040 0.053017
0 0.463298 0.506394 0.042655 0.060407
0 0.423655 0.473459 0.035184 0.056873
0 0.519207 0.506394 0.035907 0.053338
0 0.521496 0.567926 0.043860 0.051732
0 0.523785 0.663678 0.041691 0.047233
0 0.552222 0.613392 0.036389 0.038558
0 0.577044 0.568248 0.041209 0.047233
0 0.567284 0.507519 0.044824 0.055588
0 0.587286 0.686974 0.048679 0.050125
0 0.618252 0.631547 0.047956 0.054945
0 0.641026 0.681833 0.046751 0.046912
0 0.691633 0.686010 0.046270 0.050125
0 0.668498 0.621907 0.038558 0.045948
0 0.725251 0.640383 0.046511 0.053338
0 0.773689 0.686010 0.058560 0.061050
0 0.810199 0.643114 0.045306 0.051089
0 0.773207 0.585277 0.037835 0.049161
0 0.713201 0.579172 0.045547 0.054302
0 0.641508 0.563910 0.053981 0.059122
0 0.625000 0.495951 0.047474 0.054945
0 0.669703 0.449039 0.050607 0.061371
0 0.684885 0.517640 0.045788 0.053338
0 0.727299 0.466712 0.047233 0.051089
0 0.762363 0.526155 0.049884 0.050447
0 0.853094 0.601022 0.048197 0.063942
0 0.828152 0.535152 0.050366 0.064585
0 0.910570 0.516355 0.048920 0.061693
0 0.801523 0.467354 0.056873 0.058801
0 0.872132 0.443256 0.050125 0.056873
0 0.824176 0.384455 0.045788 0.072939
0 0.767182 0.397468 0.045547 0.069404
0 0.793691 0.319710 0.054704 0.064263
0 0.731396 0.295771 0.048197 0.063942
0 0.696453 0.365336 0.037112 0.064906
0 0.649701 0.372245 0.045306 0.067798
0 0.586322 0.402288 0.042414 0.061693
0 0.631386 0.299306 0.051571 0.056873
0 0.568850 0.262837 0.054704 0.077116
0 0.560295 0.347182 0.047715 0.078722
0 0.539088 0.438918 0.050125 0.058480
0 0.508965 0.371763 0.047233 0.054624
0 0.484023 0.451770 0.044101 0.045627
0 0.450887 0.408875 0.044342 0.057516
0 0.451610 0.333205 0.040004 0.059765
0 0.508844 0.258177 0.045065 0.065227
0 0.455707 0.248377 0.044824 0.065548
0 0.398231 0.279545 0.042173 0.062335
0 0.395701 0.361481 0.046270 0.062335
0 0.376060 0.422209 0.046511 0.055909
0 0.347021 0.352644 0.043378 0.053017
0 0.317380 0.409517 0.044342 0.049804
0 0.285690 0.310713 0.046511 0.062335
0 0.252554 0.390881 0.043860 0.052375
0 0.219178 0.418032 0.038317 0.056552