0 0.303282 0.677495 0.020484 0.020243
0 0.333165 0.671069 0.018556 0.019600
0 0.350154 0.680708 0.018315 0.015744
0 0.368349 0.678298 0.017110 0.019279
0 0.391122 0.689062 0.018315 0.016387
0 0.418474 0.683600 0.018074 0.015102
0 0.433054 0.673318 0.019279 0.017672
0 0.454622 0.658377 0.018556 0.019922
0 0.386664 0.660305 0.019038 0.021849
0 0.409076 0.655485 0.019038 0.019922
0 0.427632 0.648577 0.017592 0.018958
0 0.479323 0.660144 0.021689 0.021528
0 0.474865 0.638134 0.021930 0.022492
0 0.503543 0.646327 0.020484 0.025384
0 0.343889 0.647773 0.017351 0.021849
0 0.361722 0.648095 0.017351 0.023777
0 0.327381 0.640704 0.010844 0.018636
0 0.296535 0.645685 0.020484 0.021528
0 0.337141 0.614838 0.013977 0.022171
0 0.364493 0.623193 0.020484 0.020243
0 0.389435 0.634117 0.020725 0.020886
0 0.449561 0.630262 0.019038 0.026027
0 0.273520 0.622068 0.021689 0.018636
0 0.318103 0.606805 0.016387 0.016387
0 0.322561 0.585599 0.019038 0.020886
0 0.349190 0.588490 0.020725 0.024099
0 0.378229 0.603432 0.021448 0.022492
0 0.411244 0.609376 0.018556 0.023456
0 0.293763 0.587527 0.020243 0.018315
0 0.259784 0.586884 0.020243 0.018315
0 0.278461 0.563749 0.016146 0.026669
0 0.299908 0.568890 0.016146 0.022171
0 0.313042 0.558769 0.018797 0.023135
0 0.338105 0.565838 0.017833 0.019922
0 0.356179 0.543667 0.021207 0.025063
0 0.400159 0.579494 0.020002 0.023456
0 0.424017 0.578530 0.020002 0.021528
0 0.447995 0.595077 0.020725 0.022492
0 0.471130 0.605199 0.019761 0.026669
0 0.505229 0.618212 0.022412 0.025063
0 0.404617 0.551539 0.018797 0.022171
0 0.428957 0.549772 0.017351 0.023135
0 0.454984 0.557805 0.021207 0.025705
0 0.257495 0.554913 0.020002 0.019279
0 0.265929 0.532260 0.018074 0.023456
0 0.245084 0.521014 0.016869 0.026669
0 0.291956 0.539650 0.017592 0.022813
0 0.313404 0.520853 0.018556 0.025063
0 0.333767 0.534670 0.016869 0.022492
0 0.336779 0.505912 0.021930 0.024099
0 0.312078 0.495630 0.017351 0.020243
0 0.291474 0.512178 0.018556 0.021849
0 0.266291 0.486473 0.020243 0.022492
0 0.277376 0.465426 0.019761 0.018315
0 0.248096 0.487276 0.013254 0.023456
0 0.256772 0.457233 0.014218 0.018636
0 0.239903 0.464302 0.017110 0.021207
0 0.264483 0.403412 0.019038 0.027312
0 0.300270 0.459803 0.015905 0.021849
0 0.316898 0.474423 0.017351 0.022813
0 0.310512 0.441649 0.019520 0.027312
0 0.344612 0.416747 0.020243 0.025063
0 0.332321 0.462695 0.013495 0.021207
0 0.351962 0.471853 0.020484 0.027955
0 0.360396 0.504788 0.021448 0.032774
0 0.384254 0.530332 0.016628 0.025384
0 0.404617 0.514748 0.018797 0.024420
0 0.386905 0.499004 0.020002 0.024420
0 0.394496 0.478118 0.021207 0.023135
0 0.372566 0.464784 0.017833 0.022171
0 0.291956 0.423334 0.016628 0.022171
0 0.308463 0.404376 0.022171 0.028597
0 0.232191 0.401003 0.025304 0.027633
0 0.240385 0.369996 0.024340 0.026027
0 0.281834 0.382045 0.019520 0.030846
0 0.293281 0.354572 0.019761 0.029240
0 0.270869 0.342202 0.018315 0.035345
0 0.304608 0.325975 0.020725 0.029882
0 0.285208 0.309588 0.013254 0.029240
0 0.330996 0.383009 0.017592 0.030846
0 0.338587 0.350717 0.021207 0.033096
0 0.337502 0.312962 0.023376 0.025705
0 0.330152 0.274404 0.026027 0.030204
0 0.297981 0.280348 0.025304 0.035023
0 0.364011 0.299949 0.027232 0.036309
0 0.362565 0.339310 0.021448 0.030846
0 0.364372 0.372084 0.021207 0.034060
0 0.387025 0.350395 0.022171 0.036309
0 0.392086 0.398111 0.021207 0.034060
0 0.373048 0.412570 0.021689 0.031489
0 0.394616 0.433455 0.022412 0.030846
0 0.416667 0.426708 0.018315 0.032774
0 0.531136 0.658055 0.020243 0.026348
0 0.558367 0.668016 0.017833 0.028276
0 0.571742 0.693240 0.024340 0.026669
0 0.604878 0.706574 0.021689 0.027633
0 0.628735 0.693400 0.020243 0.023777
0 0.616565 0.670908 0.020484 0.019922
0 0.648496 0.698541 0.016387 0.019922
0 0.683198 0.716856 0.017351 0.018636
0 0.668980 0.672836 0.019761 0.021207
0 0.643074 0.666892 0.020002 0.018315
0 0.628374 0.640062 0.022412 0.023777
0 0.584153 0.650504 0.017833 0.017672
0 0.594636 0.630262 0.024340 0.024099
0 0.556319 0.607127 0.023858 0.024741
0 0.718382 0.702558 0.023135 0.025384
0 0.752121 0.689544 0.024581 0.020564
0 0.730673 0.670908 0.025063 0.026348
0 0.770556 0.661429 0.021448 0.023456
0 0.751277 0.636527 0.019038 0.024420
0 0.790679 0.630262 0.024099 0.027312
0 0.816464 0.607287 0.024099 0.022492
0 0.695368 0.671711 0.024340 0.027955
0 0.700188 0.639901 0.023858 0.026027
0 0.726456 0.618534 0.023858 0.021849
0 0.669583 0.639098 0.024340 0.027633
0 0.686934 0.614356 0.030123 0.020564
0 0.649099 0.614999 0.022894 0.027633
0 0.626928 0.587045 0.024822 0.032132
0 0.655364 0.583992 0.023858 0.024099
0 0.687898 0.578369 0.025786 0.025705
0 0.713201 0.595077 0.024822 0.027633
0 0.733806 0.567284 0.019761 0.022171
0 0.769592 0.603592 0.032051 0.026669
0 0.795498 0.578690 0.022171 0.030846
0 0.839719 0.508643 0.022894 0.031489
0 0.810801 0.536598 0.023376 0.022492
0 0.792245 0.516516 0.027232 0.033096
0 0.792245 0.476190 0.022894 0.038558
0 0.787064 0.430885 0.017351 0.031489
0 0.751639 0.386704 0.024581 0.032453
0 0.758386 0.414016 0.019279 0.017030
0 0.699224 0.378028 0.019520 0.035023
0 0.737059 0.432813 0.026750 0.030846
0 0.759230 0.462053 0.016628 0.028276
0 0.741517 0.472495 0.023617 0.025384
0 0.740794 0.507037 0.017833 0.025705
0 0.718382 0.502860 0.023135 0.034702
0 0.760314 0.543506 0.025063 0.025384
0 0.719708 0.551218 0.023858 0.029240
0 0.691633 0.535634 0.028436 0.030846
0 0.657533 0.539168 0.030123 0.025705
0 0.653677 0.506876 0.033015 0.029882
0 0.683198 0.487437 0.024581 0.029561
0 0.702357 0.450646 0.019520 0.025384
0 0.692717 0.417711 0.025786 0.032132
0 0.673438 0.305250 0.025304 0.035987
0 0.643074 0.302037 0.025786 0.035987
0 0.608974 0.286132 0.024581 0.035023
0 0.640423 0.353448 0.026268 0.036630
0 0.665847 0.375619 0.024099 0.032132
0 0.645122 0.411606 0.028436 0.032132
0 0.663919 0.444220 0.027955 0.030525
0 0.638857 0.475227 0.027955 0.032132
0 0.623554 0.438436 0.028677 0.037594
0 0.621506 0.383812 0.030364 0.029882
0 0.602709 0.347182 0.026027 0.036951
0 0.583671 0.381402 0.027473 0.033417
0 0.589936 0.425423 0.023135 0.030846
0 0.603311 0.465748 0.027714 0.034381
0 0.625602 0.544791 0.022653 0.033096
0 0.614276 0.506876 0.025545 0.030525
0 0.596925 0.543185 0.023135 0.027312
0 0.597407 0.573067 0.023617 0.026027
0 0.572585 0.560697 0.023135 0.036630
0 0.549089 0.578369 0.030123 0.026348
0 0.537642 0.546077 0.025063 0.027955
0 0.513423 0.578530 0.025786 0.028597
0 0.481733 0.552664 0.018797 0.026991
0 0.509326 0.545434 0.024340 0.027955
0 0.522821 0.512981 0.025786 0.029240
0 0.580658 0.505270 0.024822 0.027955
0 0.553065 0.487919 0.026027 0.029240
0 0.573429 0.461892 0.022412 0.029240
0 0.467394 0.527922 0.020002 0.027633
0 0.490288 0.513463 0.021930 0.028918
0 0.505109 0.481492 0.028436 0.027312
0 0.474142 0.478440 0.020484 0.030204
0 0.439319 0.510250 0.021689 0.026991
0 0.433415 0.478440 0.025786 0.033417
0 0.440283 0.440042 0.025063 0.029240
0 0.469202 0.447593 0.023135 0.025705
0 0.475709 0.420442 0.025063 0.031168
0 0.499446 0.398593 0.024340 0.033738
0 0.525352 0.404698 0.022171 0.031810
0 0.548607 0.425262 0.021930 0.031810
0 0.528003 0.450325 0.020243 0.028597
0 0.508965 0.438757 0.029882 0.029240
0 0.436669 0.402930 0.024099 0.030204
0 0.466190 0.374655 0.022412 0.031489
0 0.553788 0.381884 0.026991 0.035023
0 0.571380 0.339149 0.028918 0.035023
0 0.569211 0.294968 0.021207 0.037273
0 0.538606 0.329188 0.026509 0.037594
0 0.536799 0.286293 0.028677 0.030846
0 0.505952 0.309106 0.022894 0.037273
0 0.500169 0.357946 0.028195 0.035987
0 0.494265 0.268299 0.026027 0.036630
0 0.477757 0.300591 0.024822 0.032453
0 0.479203 0.338667 0.024340 0.028918
0 0.448959 0.335775 0.026027 0.034060
0 0.435102 0.366300 0.021930 0.028918
0 0.413895 0.336579 0.023858 0.032453
0 0.409919 0.302037 0.027955 0.032774
0 0.441729 0.292880 0.031810 0.033738
0 0.464503 0.259463 0.024340 0.033096
0 0.417631 0.263640 0.019761 0.038879
0 0.393773 0.263801 0.025545 0.035345
0 0.243035 0.433616 0.018556 0.022813
0 0.227371 0.431849 0.014700 0.026991