0 0.582707 0.151719 0.023496 0.032223
0 0.615098 0.172306 0.025175 0.033119
0 0.626846 0.196473 0.022489 0.028643
0 0.646314 0.214823 0.025175 0.030433
0 0.554716 0.146834 0.018388 0.029966
0 0.559619 0.176528 0.021657 0.027242
0 0.597213 0.195598 0.024109 0.031601
0 0.615806 0.223385 0.021249 0.029421
0 0.514874 0.139752 0.022883 0.031056
0 0.466949 0.134712 0.022870 0.032999
0 0.490445 0.142439 0.019110 0.030911
0 0.476190 0.168129 0.023183 0.029657
0 0.435620 0.140142 0.023496 0.028822
0 0.448465 0.171261 0.021617 0.029240
0 0.411654 0.155806 0.022556 0.032581
0 0.508772 0.171888 0.022556 0.029657
0 0.532268 0.181078 0.023183 0.032164
0 0.548246 0.208229 0.021930 0.027987
0 0.570959 0.206976 0.019110 0.029657
0 0.590226 0.229323 0.021303 0.029240
0 0.604167 0.254595 0.019737 0.031328
0 0.624843 0.265664 0.023496 0.030075
0 0.647870 0.248747 0.020677 0.027151
0 0.670269 0.260652 0.021617 0.030075
0 0.678571 0.289683 0.023810 0.028822
0 0.651159 0.284670 0.021617 0.032999
0 0.397556 0.191938 0.019424 0.024645
0 0.426692 0.184211 0.018797 0.027569
0 0.458177 0.204470 0.022243 0.033835
0 0.480733 0.201546 0.021617 0.032164
0 0.502820 0.210317 0.021930 0.028822
0 0.525219 0.223266 0.023496 0.030493
0 0.547776 0.241855 0.022243 0.029240
0 0.568609 0.241019 0.020050 0.029240
0 0.370457 0.194653 0.022243 0.030911
0 0.392701 0.222013 0.021617 0.031328
0 0.417920 0.235171 0.022556 0.030075
0 0.436404 0.215121 0.023183 0.030075
0 0.442199 0.245196 0.022870 0.028404
0 0.476347 0.236424 0.022243 0.030911
0 0.497964 0.237678 0.024123 0.028404
0 0.518954 0.259190 0.023496 0.030493
0 0.539944 0.275063 0.024749 0.030493
0 0.562970 0.272974 0.023183 0.032164
0 0.587249 0.272348 0.020990 0.033417
0 0.616698 0.292815 0.022870 0.030075
0 0.649593 0.319758 0.018484 0.027151
0 0.632989 0.321220 0.020990 0.026734
0 0.672776 0.338346 0.024123 0.035088
0 0.370457 0.243108 0.020990 0.028404
0 0.392387 0.254177 0.022243 0.032999
0 0.420739 0.267335 0.020677 0.029240
0 0.435150 0.292189 0.021930 0.032164
0 0.453321 0.276525 0.023810 0.027569
0 0.475877 0.266291 0.022556 0.027987
0 0.498904 0.266500 0.024749 0.029240
0 0.517544 0.289683 0.023183 0.031328
0 0.355263 0.284043 0.023810 0.028404
0 0.378603 0.288847 0.022870 0.029657
0 0.402726 0.287176 0.022243 0.031328
0 0.398653 0.317460 0.022870 0.025898
0 0.376410 0.320802 0.021617 0.030075
0 0.349311 0.317669 0.021303 0.028822
0 0.338503 0.338346 0.017857 0.029240
0 0.355420 0.364453 0.020363 0.025480
0 0.383929 0.349624 0.023496 0.024227
0 0.407425 0.344820 0.023496 0.025480
0 0.427475 0.322473 0.027882 0.026734
0 0.452068 0.313074 0.022556 0.032999
0 0.469455 0.295322 0.022243 0.029240
0 0.494204 0.305764 0.023496 0.031746
0 0.476347 0.327068 0.023496 0.029240
0 0.454104 0.343567 0.022243 0.027987
0 0.430138 0.356725 0.023183 0.032581
0 0.402569 0.376984 0.023810 0.032999
0 0.380169 0.382832 0.024123 0.029657
0 0.358083 0.395990 0.024436 0.028404
0 0.369674 0.423977 0.023810 0.026734
0 0.390508 0.426692 0.017231 0.032164
0 0.409305 0.409566 0.022870 0.032164
0 0.433741 0.394737 0.022243 0.030911
0 0.429511 0.425647 0.021930 0.027569
0 0.411341 0.447577 0.023183 0.030493
0 0.432801 0.457602 0.018484 0.029657
0 0.678258 0.368003 0.027569 0.027569
0 0.669956 0.398705 0.020990 0.028822
0 0.653509 0.369465 0.021930 0.027151
0 0.630639 0.377611 0.018170 0.025898
0 0.612939 0.365288 0.020363 0.026316
0 0.602287 0.338764 0.020363 0.027569
0 0.595708 0.309733 0.019737 0.027151
0 0.578321 0.301796 0.023183 0.027151
0 0.556704 0.304302 0.022556 0.027987
0 0.533521 0.313074 0.022556 0.030493
0 0.550752 0.335631 0.018797 0.032999
0 0.576598 0.333124 0.023496 0.030493
0 0.586153 0.364453 0.021303 0.027987
0 0.562500 0.363200 0.022243 0.030493
0 0.528509 0.345238 0.019424 0.027987
0 0.507519 0.331245 0.020050 0.029240
0 0.487939 0.353175 0.021617 0.028822
0 0.481360 0.380744 0.019737 0.028822
0 0.459900 0.375104 0.021303 0.029240
0 0.454574 0.402464 0.021930 0.027987
0 0.510965 0.362782 0.021303 0.028822
0 0.537594 0.369674 0.021930 0.032581
0 0.558271 0.394110 0.020050 0.029657
0 0.645990 0.408312 0.024436 0.031328
0 0.664317 0.426065 0.020990 0.028404
0 0.650689 0.448413 0.022556 0.030493
0 0.599781 0.389933 0.021617 0.028822
0 0.616855 0.399958 0.020050 0.028822
0 0.624843 0.426901 0.020363 0.028404
0 0.582550 0.409148 0.020363 0.031328
0 0.601974 0.426901 0.020990 0.028404
0 0.578947 0.436926 0.023183 0.030075
0 0.557801 0.423141 0.019737 0.026734
0 0.516291 0.392231 0.018170 0.026734
0 0.537751 0.402256 0.019737 0.026734
0 0.497964 0.405806 0.019737 0.032164
0 0.515038 0.420844 0.023183 0.028822
0 0.536811 0.431913 0.021617 0.028404
0 0.554668 0.445489 0.020990 0.027151
0 0.572368 0.469925 0.021930 0.028404
0 0.594925 0.465121 0.019424 0.028822
0 0.614192 0.453216 0.019110 0.028404
0 0.628603 0.470551 0.017857 0.025480
0 0.609336 0.484545 0.021303 0.025898
0 0.582550 0.496241 0.020363 0.028404
0 0.558741 0.491437 0.018484 0.027151
0 0.537907 0.488304 0.019424 0.025898
0 0.533208 0.459482 0.020677 0.025063
0 0.515351 0.479741 0.016917 0.022139
0 0.471335 0.471387 0.019110 0.024645
0 0.492951 0.467627 0.020363 0.026316
0 0.514098 0.453008 0.019424 0.025480
0 0.493421 0.439014 0.021930 0.025063
0 0.470708 0.444653 0.019737 0.022974
0 0.451754 0.461988 0.015038 0.032581
0 0.449718 0.428363 0.015351 0.021303
0 0.475251 0.412281 0.021303 0.025063