0 0.435385 0.130639 0.041823 0.058271
0 0.520442 0.120614 0.045583 0.058271
0 0.578008 0.129386 0.038534 0.050752
0 0.623355 0.140977 0.041823 0.053885
0 0.670583 0.158835 0.036654 0.055764
0 0.392152 0.152569 0.037124 0.060777
0 0.348214 0.161341 0.040414 0.055764
0 0.308976 0.188283 0.038064 0.057018
0 0.279605 0.229637 0.043233 0.054511
0 0.241306 0.259398 0.039944 0.055138
0 0.273966 0.291667 0.046992 0.059524
0 0.340695 0.223058 0.045113 0.053885
0 0.428102 0.208960 0.033835 0.046992
0 0.316729 0.275063 0.040414 0.050125
0 0.223919 0.314536 0.039944 0.047619
0 0.256344 0.345238 0.037124 0.061404
0 0.225329 0.375000 0.044643 0.050752
0 0.237547 0.423246 0.039004 0.046992
0 0.287829 0.423872 0.042763 0.057018
0 0.265038 0.468358 0.040414 0.048246
0 0.291823 0.519424 0.040414 0.063910
0 0.323073 0.483083 0.037124 0.053885
0 0.299577 0.359962 0.042763 0.050752
0 0.331297 0.331140 0.036654 0.046992
0 0.357378 0.281955 0.040883 0.052632
0 0.389568 0.243421 0.042293 0.055764
0 0.332237 0.535088 0.038534 0.045113
0 0.369596 0.453947 0.039004 0.044486
0 0.348214 0.391291 0.041353 0.052005
0 0.371945 0.548559 0.032425 0.050752
0 0.407425 0.576128 0.032895 0.052005
0 0.389098 0.506579 0.034774 0.048246
0 0.428336 0.532581 0.041823 0.042607
0 0.391917 0.403822 0.042293 0.049499
0 0.374765 0.343672 0.037124 0.055764
0 0.401081 0.302632 0.039944 0.056391
0 0.501880 0.174185 0.041353 0.050125
0 0.547697 0.177632 0.041823 0.054511
0 0.589286 0.192669 0.040414 0.058271
0 0.591870 0.645990 0.040883 0.048872
0 0.636043 0.637218 0.034305 0.047619
0 0.675752 0.630013 0.035714 0.050752
0 0.732613 0.598997 0.044173 0.051378
0 0.760573 0.555451 0.038064 0.048246
0 0.515508 0.622180 0.037594 0.056391
0 0.478618 0.598058 0.041823 0.053258
0 0.555921 0.613095 0.033835 0.036967
0 0.444784 0.579887 0.030545 0.041980
0 0.470395 0.535088 0.033835 0.047619
0 0.671523 0.217419 0.036654 0.051378
0 0.632284 0.195802 0.035244 0.049499
0 0.752350 0.242794 0.044173 0.055764
0 0.709821 0.255639 0.039004 0.046366
0 0.676927 0.299499 0.038064 0.051378
0 0.469925 0.229323 0.043233 0.047619
0 0.432096 0.265351 0.040883 0.052005
0 0.531720 0.230890 0.040883 0.054511
0 0.418233 0.357143 0.042293 0.051378
0 0.415414 0.446429 0.033835 0.041980
0 0.441729 0.405075 0.037594 0.043233
0 0.463111 0.359023 0.036184 0.050125
0 0.468045 0.303885 0.039474 0.053885
0 0.508929 0.326128 0.046053 0.044486
0 0.541588 0.284461 0.037124 0.053885
0 0.500940 0.267544 0.034774 0.047619
0 0.570959 0.249373 0.033835 0.053885
0 0.635808 0.267544 0.036654 0.055138
0 0.591165 0.290414 0.043233 0.049499
0 0.762453 0.296053 0.044643 0.048246
0 0.707002 0.333647 0.037124 0.049499
0 0.658365 0.350877 0.036654 0.051378
0 0.503994 0.376566 0.040883 0.051378
0 0.549107 0.351190 0.037124 0.050752
0 0.581767 0.350564 0.035714 0.059524
0 0.617951 0.343045 0.028195 0.057018
0 0.441729 0.480263 0.032895 0.046992
0 0.477444 0.436404 0.040414 0.048246
0 0.517622 0.429511 0.031485 0.052005
0 0.553102 0.411028 0.032895 0.051378
0 0.557801 0.461779 0.039474 0.048872
0 0.484962 0.489662 0.043233 0.046992
0 0.522556 0.487155 0.037594 0.052005
0 0.592575 0.423559 0.037594 0.047619
0 0.627820 0.392231 0.036654 0.053885
0 0.671523 0.400063 0.039474 0.049499
0 0.637453 0.444549 0.045583 0.048246
0 0.598449 0.469612 0.036184 0.046992
0 0.551692 0.515351 0.035714 0.044486
0 0.592340 0.525689 0.043703 0.047619
0 0.542293 0.564223 0.039474 0.048246
0 0.507049 0.541353 0.034774 0.046366
0 0.582237 0.572055 0.039474 0.052632
0 0.606673 0.597431 0.035714 0.048246
0 0.624765 0.547306 0.039004 0.050752
0 0.662124 0.536654 0.038534 0.048246
0 0.676457 0.461779 0.034305 0.053885
0 0.712406 0.388784 0.040414 0.055764
0 0.742246 0.348684 0.034305 0.044486
0 0.650376 0.588346 0.036654 0.042607
0 0.687735 0.575188 0.033365 0.046366
0 0.718985 0.551065 0.047932 0.038221
0 0.704417 0.501566 0.036654 0.058271
0 0.784305 0.354010 0.043233 0.055138
0 0.789004 0.406015 0.036654 0.048872
0 0.752585 0.403509 0.036184 0.056391
0 0.792058 0.458960 0.032425 0.048246
0 0.756579 0.457707 0.031955 0.045739
0 0.715461 0.445802 0.041823 0.048246
0 0.785009 0.508459 0.037124 0.043233
0 0.743186 0.501880 0.037124 0.043860