0 0.609271 0.159141 0.025907 0.038243
0 0.647437 0.230693 0.018042 0.032075
0 0.726776 0.257525 0.022206 0.031458
0 0.683984 0.264002 0.024519 0.029608
0 0.646512 0.272021 0.024519 0.027140
0 0.683059 0.299778 0.025444 0.032075
0 0.568329 0.200188 0.023846 0.032972
0 0.541833 0.205684 0.023257 0.026692
0 0.540656 0.241011 0.023257 0.032972
0 0.568771 0.243563 0.022963 0.031795
0 0.606600 0.253376 0.017369 0.024729
0 0.758802 0.320105 0.013248 0.026299
0 0.741580 0.313629 0.015897 0.025907
0 0.728774 0.303423 0.021491 0.032972
0 0.679463 0.325208 0.020019 0.016094
0 0.650612 0.327563 0.013542 0.020019
0 0.641045 0.301656 0.019724 0.020019
0 0.617346 0.299498 0.018841 0.026692
0 0.605128 0.289684 0.023846 0.031402
0 0.571715 0.275161 0.020019 0.024337
0 0.539478 0.275553 0.022080 0.028262
0 0.512394 0.236105 0.025024 0.028654
0 0.504151 0.201170 0.023257 0.028654
0 0.482660 0.233357 0.025612 0.035720
0 0.452337 0.227076 0.023257 0.038075
0 0.428050 0.200581 0.022374 0.037683
0 0.403762 0.215497 0.023257 0.040038
0 0.434674 0.255731 0.023846 0.033365
0 0.408178 0.257301 0.023257 0.033365
0 0.499588 0.266329 0.016486 0.020019
0 0.469412 0.273591 0.022668 0.023552
0 0.492228 0.303815 0.018252 0.025907
0 0.487076 0.334236 0.016192 0.028654
0 0.467499 0.304404 0.023552 0.027084
0 0.450718 0.328741 0.018841 0.030225
0 0.434085 0.293021 0.023846 0.030225
0 0.429375 0.325012 0.018547 0.022767
0 0.413330 0.295376 0.019430 0.030225
0 0.392134 0.325601 0.022374 0.031795
0 0.359014 0.344246 0.023257 0.029047
0 0.514749 0.286937 0.023257 0.032187
0 0.537712 0.312843 0.026790 0.030617
0 0.575836 0.308526 0.025318 0.033757
0 0.411858 0.349545 0.020608 0.029439
0 0.433791 0.370937 0.025024 0.031402
0 0.513424 0.328545 0.025318 0.032972
0 0.540950 0.343068 0.020902 0.025907
0 0.576130 0.351311 0.021785 0.034542
0 0.607484 0.331881 0.022080 0.029439
0 0.634421 0.335021 0.021196 0.029439
0 0.714202 0.352685 0.022374 0.029439
0 0.755417 0.349741 0.025318 0.030617
0 0.383744 0.369171 0.019724 0.027869
0 0.359309 0.369760 0.020313 0.022767
0 0.297927 0.394489 0.021785 0.026692
0 0.352390 0.420199 0.023552 0.032580
0 0.382124 0.405087 0.023552 0.029832
0 0.408914 0.385657 0.023552 0.035720
0 0.465291 0.395078 0.022668 0.036505
0 0.490314 0.377414 0.022080 0.032580
0 0.518135 0.370152 0.024729 0.031402
0 0.552432 0.377610 0.027379 0.033757
0 0.282177 0.443555 0.023846 0.028262
0 0.325012 0.431975 0.022963 0.028654
0 0.304699 0.445321 0.018841 0.027084
0 0.290568 0.476134 0.021196 0.025907
0 0.264661 0.470443 0.022963 0.033365
0 0.259362 0.491247 0.021785 0.027084
0 0.235221 0.499490 0.020608 0.024729
0 0.440267 0.403910 0.024435 0.032187
0 0.408914 0.420199 0.023552 0.029439
0 0.387718 0.435508 0.020608 0.027084
0 0.368877 0.458863 0.022963 0.032187
0 0.342234 0.464751 0.023257 0.027477
0 0.318535 0.474761 0.022374 0.028654
0 0.303374 0.501452 0.019724 0.022374
0 0.314855 0.522453 0.018547 0.033757
0 0.292923 0.532462 0.020019 0.023944
0 0.291304 0.554247 0.018547 0.018056
0 0.304993 0.563668 0.017075 0.024337
0 0.265986 0.523238 0.023846 0.026692
0 0.225212 0.526574 0.025907 0.029439
0 0.203280 0.556210 0.022080 0.029832
0 0.208726 0.577995 0.012365 0.015309
0 0.225359 0.578388 0.017958 0.022374
0 0.242434 0.555425 0.023257 0.026692
0 0.232572 0.600958 0.021785 0.024337
0 0.224770 0.613911 0.013837 0.014916
0 0.227714 0.642762 0.016192 0.031010
0 0.243464 0.625294 0.019430 0.025907
0 0.263925 0.619014 0.017369 0.029047
0 0.278645 0.602528 0.020902 0.029047
0 0.257301 0.651201 0.019430 0.021981
0 0.257448 0.685547 0.018547 0.032580
0 0.282619 0.639622 0.022374 0.025514
0 0.291598 0.675734 0.019724 0.029439
0 0.305876 0.630593 0.021785 0.029439
0 0.312206 0.591733 0.023846 0.028654
0 0.325306 0.574070 0.020019 0.026299
0 0.344883 0.573677 0.019724 0.027869
0 0.352979 0.598995 0.021196 0.025907
0 0.322804 0.664351 0.017958 0.026299
0 0.336935 0.645117 0.022668 0.021589
0 0.333549 0.617640 0.021196 0.020804
0 0.353715 0.631182 0.021491 0.026692
0 0.357984 0.658463 0.022374 0.029439
0 0.345619 0.504593 0.026496 0.031795
0 0.343264 0.534425 0.019430 0.027084
0 0.362400 0.541686 0.020608 0.028262
0 0.374323 0.568182 0.023846 0.031795
0 0.375500 0.607042 0.019724 0.028654
0 0.377561 0.634911 0.017958 0.026299
0 0.364461 0.495368 0.024140 0.033757
0 0.383891 0.512836 0.022374 0.022374
0 0.393900 0.492228 0.020608 0.030617
0 0.413477 0.450816 0.022668 0.024729
0 0.435851 0.436097 0.021491 0.029832
0 0.417157 0.482807 0.022963 0.028262
0 0.409061 0.520097 0.020902 0.031402
0 0.401554 0.543256 0.023552 0.028262
0 0.396108 0.578191 0.022080 0.029047
0 0.406412 0.593500 0.013248 0.018841
0 0.423487 0.594677 0.021491 0.025907
0 0.435263 0.568378 0.023257 0.026692
0 0.446155 0.533443 0.022668 0.029047
0 0.445714 0.500275 0.020608 0.029439
0 0.445272 0.466321 0.024435 0.028262
0 0.386835 0.647276 0.015897 0.022767
0 0.404498 0.630201 0.021196 0.027084
0 0.424664 0.625294 0.020902 0.029047
0 0.404204 0.667491 0.020608 0.029439
0 0.427903 0.678285 0.020902 0.022767
0 0.431288 0.650416 0.020608 0.024337
0 0.448363 0.623136 0.024140 0.027084
0 0.466763 0.694183 0.023257 0.027869
0 0.449099 0.680641 0.020313 0.025122
0 0.459403 0.655126 0.019724 0.025907
0 0.481335 0.662977 0.017664 0.026692
0 0.496791 0.689276 0.024435 0.024337
0 0.512247 0.672201 0.023552 0.027084
0 0.529027 0.687706 0.025318 0.029832
0 0.447333 0.594481 0.023846 0.030225
0 0.462936 0.552677 0.020902 0.027477
0 0.469854 0.506359 0.022963 0.032972
0 0.470737 0.469069 0.023552 0.030617
0 0.468088 0.432171 0.024140 0.030617
0 0.494436 0.411368 0.025612 0.032187
0 0.525200 0.404891 0.024140 0.031795
0 0.515338 0.440415 0.025024 0.029832
0 0.495761 0.457686 0.022963 0.031402
0 0.496938 0.491247 0.025318 0.031010
0 0.524906 0.474957 0.023552 0.029047
0 0.492670 0.518920 0.023846 0.027477
0 0.522698 0.507733 0.023846 0.027869
0 0.511216 0.533247 0.022080 0.030225
0 0.487518 0.553266 0.021785 0.027084
0 0.488106 0.591733 0.022374 0.029439
0 0.481483 0.614500 0.020313 0.023159
0 0.504887 0.635304 0.022963 0.024729
0 0.507684 0.580546 0.021491 0.030617
0 0.510775 0.601939 0.023552 0.025514
0 0.534032 0.657285 0.022963 0.024729
0 0.534032 0.632556 0.024140 0.023159
0 0.546691 0.596444 0.021196 0.031010
0 0.558761 0.622547 0.022963 0.026692
0 0.558320 0.642762 0.024435 0.022374
0 0.557142 0.668080 0.021491 0.026692
0 0.572303 0.695360 0.021196 0.031010
0 0.598357 0.709491 0.023846 0.026299
0 0.533296 0.563275 0.023846 0.029832
0 0.547721 0.536976 0.023257 0.029047
0 0.552285 0.498705 0.021785 0.028654
0 0.554345 0.467106 0.025318 0.030617
0 0.547721 0.434919 0.025024 0.030617
0 0.568329 0.420592 0.023257 0.030225
0 0.594236 0.403517 0.026201 0.030617
0 0.622645 0.372507 0.025318 0.034542
0 0.618818 0.406657 0.024140 0.027477
0 0.613224 0.437274 0.024729 0.028262
0 0.589525 0.450816 0.027379 0.031795
0 0.584668 0.483985 0.022374 0.029047
0 0.574659 0.522256 0.019430 0.031010
0 0.561264 0.564257 0.023257 0.032580
0 0.580988 0.595659 0.022080 0.027084
0 0.587317 0.556406 0.024729 0.032580
0 0.597768 0.514995 0.021491 0.028262
0 0.606453 0.484966 0.019430 0.029439
0 0.628533 0.467891 0.026496 0.028262
0 0.583785 0.661603 0.021196 0.027869
0 0.583343 0.629416 0.022080 0.027084
0 0.607042 0.672790 0.019430 0.025907
0 0.609397 0.640014 0.020608 0.025514
0 0.608514 0.604883 0.024729 0.023552
0 0.604098 0.578976 0.022963 0.026692
0 0.653703 0.372900 0.020902 0.029047
0 0.653998 0.414704 0.020902 0.027084
0 0.657972 0.449246 0.025318 0.031010
0 0.644283 0.491247 0.023846 0.033365
0 0.669306 0.473779 0.023257 0.028262
0 0.683879 0.438844 0.022963 0.032972
0 0.699335 0.408227 0.027379 0.028262
0 0.690944 0.377022 0.024140 0.030225
0 0.779999 0.380162 0.025612 0.028654
0 0.815621 0.380554 0.027379 0.031795
0 0.817387 0.415293 0.025024 0.028262
0 0.791039 0.418433 0.021785 0.027477
0 0.760569 0.418433 0.021491 0.032187
0 0.741580 0.396452 0.022374 0.029047
0 0.728480 0.433545 0.025612 0.034150
0 0.704339 0.449443 0.019136 0.028262
0 0.725389 0.471032 0.025907 0.029832
0 0.811499 0.450424 0.025612 0.031010
0 0.779852 0.454545 0.021785 0.034542
0 0.753209 0.454742 0.022080 0.032580
0 0.700512 0.483985 0.024435 0.029832
0 0.727891 0.502237 0.025024 0.026299
0 0.764249 0.485948 0.029439 0.026692
0 0.807819 0.486733 0.024729 0.030617
0 0.847415 0.477116 0.028556 0.038860
0 0.850948 0.517350 0.023846 0.026692
0 0.825336 0.495172 0.017958 0.030225
0 0.792216 0.508322 0.024140 0.026692
0 0.811646 0.523041 0.021196 0.026299
0 0.857425 0.555032 0.023846 0.029832
0 0.809144 0.553855 0.016192 0.027477
0 0.793099 0.546985 0.025318 0.025514
0 0.771461 0.525789 0.026201 0.031010
0 0.747615 0.535602 0.025024 0.025514
0 0.758802 0.549144 0.019724 0.022767
0 0.791627 0.576817 0.022963 0.027869
0 0.837700 0.624313 0.022080 0.030225
0 0.840939 0.656108 0.024435 0.027869
0 0.807819 0.639425 0.025907 0.027477
0 0.817240 0.680641 0.020608 0.026692
0 0.791627 0.684566 0.023552 0.027477
0 0.624558 0.709295 0.022080 0.025122
0 0.635893 0.682799 0.018841 0.027084
0 0.634568 0.651594 0.023846 0.024337
0 0.635157 0.611949 0.022668 0.026692
0 0.626619 0.577210 0.021491 0.023944
0 0.616463 0.550126 0.021785 0.027869
0 0.627944 0.520686 0.021196 0.026299
0 0.855069 0.598406 0.023846 0.031795
0 0.795160 0.600173 0.020608 0.025907
0 0.780146 0.628238 0.021785 0.024729
0 0.772050 0.602724 0.024435 0.022374
0 0.738784 0.569948 0.020902 0.025907
0 0.721561 0.548556 0.025907 0.027084
0 0.704339 0.514995 0.022080 0.028262
0 0.680052 0.505966 0.025318 0.029832
0 0.658561 0.526378 0.023552 0.025907
0 0.666510 0.551107 0.020019 0.023552
0 0.643400 0.554247 0.022668 0.024337
0 0.693152 0.542864 0.022080 0.025907
0 0.705223 0.581331 0.023846 0.027477
0 0.682260 0.593696 0.023257 0.030225
0 0.654145 0.585649 0.020608 0.026692
0 0.659591 0.614696 0.023257 0.026692
0 0.662683 0.648846 0.024140 0.024337
0 0.659591 0.672986 0.023257 0.026299
0 0.657383 0.710473 0.022963 0.027477
0 0.689620 0.680444 0.021491 0.027084
0 0.682996 0.705370 0.022374 0.027477
0 0.711699 0.723622 0.026790 0.022374
0 0.714202 0.692024 0.020019 0.024337
0 0.731276 0.702230 0.021785 0.018841
0 0.757772 0.706351 0.022963 0.037290
0 0.742022 0.680641 0.030323 0.022767
0 0.764396 0.661407 0.026201 0.029832
0 0.754534 0.630986 0.023552 0.030225
0 0.727155 0.656893 0.023552 0.024729
0 0.685351 0.637463 0.020608 0.025907
0 0.705811 0.619407 0.021491 0.031402
0 0.729069 0.607042 0.023257 0.033365