0 0.158623 0.460767 0.031703 0.025705
0 0.220316 0.436669 0.036844 0.019279
0 0.243022 0.405822 0.029990 0.022492
0 0.259302 0.339470 0.040272 0.023456
0 0.298074 0.332883 0.032132 0.023777
0 0.295075 0.364533 0.026134 0.025384
0 0.334704 0.353769 0.034274 0.019279
0 0.365765 0.339310 0.029561 0.022492
0 0.317567 0.393612 0.020564 0.024420
0 0.279224 0.404858 0.032132 0.019922
0 0.267014 0.434580 0.027419 0.022813
0 0.201037 0.467676 0.036844 0.019600
0 0.161408 0.491292 0.034702 0.020564
0 0.194396 0.509929 0.028704 0.021207
0 0.161194 0.528083 0.031703 0.022171
0 0.145556 0.549772 0.030418 0.018636
0 0.128419 0.592025 0.034702 0.020243
0 0.121779 0.613714 0.027419 0.019922
0 0.177259 0.586402 0.029561 0.023135
0 0.190755 0.554752 0.029990 0.023456
0 0.216674 0.533867 0.032132 0.019600
0 0.248806 0.519086 0.030418 0.019600
0 0.219673 0.499968 0.020993 0.023777
0 0.245164 0.484545 0.030846 0.021207
0 0.278581 0.464302 0.032560 0.021849
0 0.317782 0.455787 0.030418 0.021528
0 0.305572 0.427350 0.029990 0.021849
0 0.220744 0.580779 0.029990 0.021528
0 0.182615 0.616927 0.034274 0.021207
0 0.218602 0.612429 0.030846 0.022492
0 0.218816 0.630101 0.027847 0.011567
0 0.202750 0.650344 0.028276 0.020564
0 0.180901 0.635081 0.024848 0.015102
0 0.162479 0.672354 0.031703 0.022171
0 0.185828 0.697417 0.029561 0.021528
0 0.201251 0.729066 0.037273 0.017994
0 0.240237 0.731155 0.031275 0.019600
0 0.276439 0.734368 0.029133 0.020243
0 0.311570 0.744971 0.036844 0.018315
0 0.320352 0.708020 0.032132 0.018958
0 0.364051 0.739670 0.030418 0.020564
0 0.239381 0.653878 0.037273 0.017994
0 0.245378 0.693561 0.026991 0.018315
0 0.284365 0.693400 0.026991 0.017994
0 0.301716 0.678620 0.027419 0.022492
0 0.321852 0.659662 0.025705 0.019279
0 0.293147 0.644560 0.026562 0.021207
0 0.270441 0.662875 0.025705 0.018636
0 0.261230 0.609055 0.026991 0.019600
0 0.262729 0.566480 0.035131 0.015423
0 0.258017 0.544309 0.030846 0.021849
0 0.287364 0.537562 0.030418 0.021207
0 0.294861 0.577566 0.031703 0.019600
0 0.299788 0.608091 0.033845 0.023456
0 0.335347 0.628655 0.033845 0.018315
0 0.345415 0.691472 0.026562 0.021849
0 0.286935 0.508965 0.035559 0.021207
0 0.313712 0.481010 0.029990 0.021207
0 0.350556 0.468640 0.035131 0.023456
0 0.358696 0.432652 0.037701 0.024099
0 0.351841 0.397950 0.036844 0.021528
0 0.321637 0.299467 0.035559 0.024420
0 0.360195 0.306696 0.035559 0.026669
0 0.387186 0.285650 0.034702 0.025063
0 0.376475 0.249663 0.038986 0.026348
0 0.425958 0.260909 0.029133 0.026991
0 0.460874 0.269745 0.029561 0.024099
0 0.401538 0.317139 0.035131 0.024420
0 0.443952 0.302680 0.033417 0.021849
0 0.482295 0.295932 0.030418 0.026991
0 0.518283 0.265728 0.029561 0.027633
0 0.403038 0.350877 0.032132 0.025705
0 0.398325 0.386383 0.031275 0.023456
0 0.397682 0.417711 0.035131 0.021207
0 0.383544 0.454180 0.027419 0.022171
0 0.421888 0.453056 0.032132 0.021849
0 0.436026 0.416908 0.034702 0.024099
0 0.435598 0.390720 0.033845 0.023135
0 0.442452 0.361802 0.032988 0.026348
0 0.438168 0.331598 0.032132 0.022492
0 0.477154 0.326618 0.033845 0.027312
0 0.519568 0.312641 0.033845 0.026991
0 0.563910 0.299306 0.034274 0.023456
0 0.553842 0.334169 0.028704 0.026991
0 0.517854 0.346379 0.034702 0.021207
0 0.480582 0.362123 0.032132 0.025063
0 0.503288 0.401484 0.038986 0.019600
0 0.488508 0.429600 0.031703 0.022492
0 0.481224 0.460928 0.032560 0.023456
0 0.518497 0.446147 0.026562 0.022171
0 0.539918 0.414498 0.031703 0.020564
0 0.554270 0.366140 0.032988 0.025384
0 0.561339 0.392809 0.036844 0.021528
0 0.424030 0.476351 0.035559 0.020243
0 0.364051 0.501735 0.033845 0.022171
0 0.324422 0.527119 0.035131 0.022813
0 0.323565 0.556520 0.033417 0.018636
0 0.355697 0.570497 0.029133 0.024741
0 0.380760 0.548969 0.032132 0.020243
0 0.405394 0.509768 0.030846 0.020243
0 0.421888 0.541257 0.030418 0.022813
0 0.424887 0.563749 0.029561 0.015744
0 0.394898 0.578851 0.030418 0.022813
0 0.339417 0.596363 0.034274 0.019279
0 0.396397 0.609215 0.035987 0.022492
0 0.373048 0.632029 0.030418 0.023777
0 0.389328 0.656931 0.032132 0.018315
0 0.356554 0.650986 0.023992 0.017994
0 0.386115 0.681351 0.029990 0.023456
0 0.375619 0.704968 0.032132 0.022492
0 0.414605 0.714928 0.033845 0.021207
0 0.399824 0.739348 0.027419 0.019279
0 0.433241 0.753004 0.032560 0.020886
0 0.472442 0.746578 0.032988 0.019600
0 0.453163 0.724728 0.032988 0.017672
0 0.425530 0.685207 0.029133 0.017030
0 0.458518 0.691633 0.032560 0.020243
0 0.485294 0.712037 0.031275 0.017351
0 0.514427 0.730030 0.026134 0.016066
0 0.551700 0.715410 0.025277 0.016387
0 0.593257 0.712037 0.019279 0.017351
0 0.565409 0.700469 0.025277 0.018636
0 0.519354 0.694685 0.026562 0.018636
0 0.494934 0.668498 0.029133 0.020243
0 0.431742 0.651308 0.028704 0.019922
0 0.469014 0.648416 0.029561 0.017351
0 0.438811 0.622068 0.023135 0.018636
0 0.469014 0.616766 0.032132 0.018958
0 0.434955 0.597809 0.030846 0.020886
0 0.497290 0.627370 0.030418 0.020886
0 0.530279 0.619497 0.026991 0.020564
0 0.541846 0.660144 0.025277 0.019600
0 0.604610 0.690990 0.032560 0.020243
0 0.627102 0.712197 0.032132 0.019600
0 0.658591 0.695489 0.025705 0.013174
0 0.639312 0.677977 0.029990 0.019279
0 0.589401 0.665928 0.029561 0.021528
0 0.573121 0.623675 0.032988 0.016066
0 0.577833 0.604878 0.031275 0.017030
0 0.510786 0.597166 0.030846 0.017672
0 0.467943 0.572425 0.028276 0.018315
0 0.473513 0.552664 0.032560 0.017351
0 0.505216 0.572425 0.035987 0.018315
0 0.530493 0.553628 0.029990 0.017994
0 0.495577 0.519247 0.028704 0.018636
0 0.463445 0.517158 0.026134 0.023456
0 0.511428 0.496755 0.031275 0.021207
0 0.551914 0.493702 0.034274 0.020243
0 0.550629 0.453698 0.030846 0.024420
0 0.581261 0.468158 0.026991 0.025705
0 0.612964 0.464944 0.032132 0.024420
0 0.575691 0.428314 0.032132 0.022492
0 0.610394 0.430564 0.031275 0.019922
0 0.601611 0.401163 0.030846 0.027312
0 0.626245 0.314247 0.031275 0.022492
0 0.689009 0.310713 0.034274 0.026991
0 0.667159 0.353287 0.033417 0.024099
0 0.707645 0.357143 0.032132 0.027955
0 0.626888 0.344933 0.028276 0.024099
0 0.599897 0.361963 0.029990 0.025384
0 0.631815 0.375779 0.029561 0.026669
0 0.671015 0.380599 0.035987 0.022813
0 0.709145 0.385258 0.030846 0.023777
0 0.682154 0.406786 0.030846 0.022492
0 0.645738 0.404216 0.032560 0.022492
0 0.659662 0.427511 0.035559 0.019600
0 0.698220 0.432331 0.032132 0.022171
0 0.726710 0.409839 0.035987 0.024099
0 0.760769 0.394416 0.030418 0.027312
0 0.792044 0.407108 0.027847 0.024420
0 0.829531 0.410803 0.031703 0.025384
0 0.803183 0.434580 0.033845 0.024741
0 0.759056 0.429118 0.029561 0.029240
0 0.731208 0.447593 0.037273 0.021849
0 0.697577 0.464302 0.031703 0.023777
0 0.657948 0.455626 0.029561 0.020564
0 0.656877 0.489204 0.025705 0.024099
0 0.689866 0.486633 0.033417 0.023456
0 0.737206 0.487758 0.027847 0.024420
0 0.770837 0.464944 0.030846 0.024420
0 0.807253 0.461249 0.033417 0.024741
0 0.596041 0.522299 0.030846 0.021528
0 0.634599 0.514748 0.031703 0.023135
0 0.664375 0.512981 0.024420 0.020243
0 0.718142 0.529850 0.033417 0.025063
0 0.749845 0.514266 0.029990 0.024099
0 0.774051 0.495309 0.035559 0.022813
0 0.809181 0.494024 0.029561 0.023456
0 0.676156 0.536437 0.033417 0.020243
0 0.630958 0.532260 0.027847 0.013174
0 0.599897 0.551700 0.028276 0.023777
0 0.613607 0.569051 0.025705 0.022492
0 0.653450 0.567766 0.035987 0.022492
0 0.711501 0.568248 0.030418 0.024099
0 0.750916 0.553628 0.029561 0.026991
0 0.660090 0.591704 0.032132 0.022813
0 0.614678 0.621265 0.025277 0.019600
0 0.656235 0.621747 0.032132 0.021207
0 0.625602 0.642150 0.029990 0.020243
0 0.678727 0.655806 0.037701 0.022492
0 0.705931 0.633153 0.033845 0.017672
0 0.686653 0.681190 0.026991 0.017994
0 0.724782 0.689223 0.031275 0.025063
0 0.769766 0.668659 0.025277 0.021207
0 0.743204 0.630101 0.028704 0.017351
0 0.712144 0.650665 0.030846 0.016066
0 0.768909 0.631386 0.016708 0.018636
0 0.767410 0.605520 0.029133 0.018958
0 0.704646 0.606002 0.032132 0.021849
0 0.750059 0.580458 0.035559 0.016387
0 0.780691 0.562946 0.024848 0.019922
0 0.783476 0.523906 0.027847 0.022171
0 0.828460 0.551218 0.024420 0.021528
0 0.825033 0.567766 0.029561 0.014781
0 0.808967 0.597648 0.029990 0.023135
0 0.832316 0.607448 0.022706 0.020886
0 0.866375 0.598933 0.029133 0.019279
0 0.874087 0.566320 0.035987 0.022813
0 0.917786 0.539168 0.024848 0.019922
0 0.881156 0.538365 0.032988 0.018315
0 0.904719 0.509929 0.025277 0.020564
0 0.872159 0.506073 0.029561 0.023135
0 0.838956 0.519889 0.028276 0.023135
0 0.844312 0.486151 0.027847 0.019922
0 0.901077 0.479886 0.033417 0.022171
0 0.869374 0.464141 0.020564 0.020243
0 0.888653 0.432010 0.024848 0.024099
0 0.849238 0.442613 0.026562 0.022171