0 0.502579 0.470889 0.025786 0.036309
0 0.496433 0.515230 0.026027 0.036309
0 0.527762 0.494345 0.023617 0.027955
0 0.560656 0.503502 0.029641 0.030204
0 0.535112 0.452895 0.026750 0.028597
0 0.511495 0.429921 0.029641 0.034702
0 0.469202 0.418354 0.021207 0.034702
0 0.486071 0.402930 0.029400 0.037915
0 0.470648 0.456430 0.029400 0.033096
0 0.458598 0.487115 0.028436 0.032132
0 0.472937 0.524549 0.018556 0.033738
0 0.446067 0.518926 0.023617 0.025705
0 0.447393 0.540614 0.016146 0.018958
0 0.452212 0.563588 0.018074 0.023777
0 0.470768 0.560215 0.019038 0.026669
0 0.495951 0.550254 0.021689 0.027312
0 0.519448 0.547362 0.023858 0.027312
0 0.484625 0.576280 0.016387 0.023456
0 0.505832 0.584635 0.024581 0.028597
0 0.486673 0.618855 0.020002 0.032132
0 0.514146 0.610983 0.023376 0.018958
0 0.500892 0.632029 0.017110 0.019922
0 0.521014 0.632350 0.019761 0.020564
0 0.540896 0.623835 0.019038 0.015744
0 0.534991 0.600218 0.026509 0.018636
0 0.531136 0.579654 0.026027 0.028918
0 0.562464 0.583992 0.025063 0.025384
0 0.564633 0.611786 0.025545 0.024420
0 0.582948 0.629458 0.022653 0.024420
0 0.609336 0.623835 0.021930 0.026027
0 0.462334 0.593953 0.021930 0.028597
0 0.436789 0.591704 0.017592 0.027955
0 0.420161 0.597005 0.017592 0.022492
0 0.431367 0.627048 0.021689 0.021528
0 0.409799 0.616606 0.020966 0.023777
0 0.395339 0.602146 0.022894 0.028276
0 0.414136 0.572264 0.025304 0.030204
0 0.419077 0.529047 0.026027 0.029882
0 0.420402 0.494024 0.024340 0.034381
0 0.434259 0.437633 0.026509 0.035345
0 0.433656 0.395219 0.027232 0.039843
0 0.460526 0.357464 0.027473 0.042092
0 0.371241 0.598612 0.019038 0.014781
0 0.381121 0.583028 0.024340 0.024099
0 0.393050 0.545273 0.024581 0.038558
0 0.402328 0.474745 0.027714 0.036951
0 0.341599 0.605360 0.017592 0.024420
0 0.358227 0.571461 0.020484 0.020886
0 0.364854 0.548647 0.024099 0.025384
0 0.371241 0.523424 0.024340 0.025063
0 0.373771 0.497397 0.025545 0.018636
0 0.373650 0.472817 0.026750 0.026027
0 0.354251 0.479564 0.018315 0.026027
0 0.342202 0.490810 0.025063 0.023456
0 0.340274 0.528886 0.028436 0.028918
0 0.329550 0.556520 0.026268 0.025705
0 0.319910 0.569051 0.022894 0.023135
0 0.325574 0.588651 0.016387 0.016066
0 0.304246 0.591382 0.019038 0.025384
0 0.299547 0.609858 0.021689 0.023135
0 0.279906 0.575638 0.019038 0.033096
0 0.298944 0.557644 0.023858 0.017030
0 0.292317 0.536598 0.024099 0.026991
0 0.312560 0.522621 0.023135 0.028597
0 0.300149 0.492899 0.022894 0.030846
0 0.262073 0.558447 0.023858 0.021849
0 0.270628 0.593150 0.018315 0.023135
0 0.262796 0.619979 0.022894 0.024741
0 0.316537 0.482295 0.021930 0.026991
0 0.326537 0.459803 0.024099 0.025705
0 0.339430 0.449039 0.027714 0.029882
0 0.367264 0.436829 0.025063 0.036309
0 0.395821 0.434580 0.030123 0.028597
0 0.391122 0.396665 0.029400 0.038879
0 0.241831 0.618052 0.020966 0.022813
0 0.248096 0.596845 0.021448 0.018315
0 0.237011 0.580618 0.025304 0.022492
0 0.221106 0.602307 0.021448 0.023456
0 0.209659 0.610340 0.017833 0.017672
0 0.190741 0.585920 0.021930 0.026669
0 0.175680 0.596523 0.022171 0.020886
0 0.199296 0.559572 0.019279 0.022171
0 0.233516 0.543346 0.024099 0.025705
0 0.149773 0.565516 0.022412 0.028276
0 0.133145 0.531618 0.022894 0.023456
0 0.184355 0.521978 0.024099 0.022171
0 0.180138 0.556359 0.018074 0.023456
0 0.198212 0.465587 0.018556 0.034060
0 0.247855 0.499647 0.026268 0.028276
0 0.267014 0.519729 0.017833 0.023456
0 0.246048 0.522621 0.019279 0.021528
0 0.226166 0.516034 0.021930 0.023777
0 0.206164 0.508804 0.017110 0.026669
0 0.221588 0.463659 0.023858 0.030846
0 0.277135 0.479725 0.026509 0.038558
0 0.251591 0.437954 0.027473 0.037915
0 0.222672 0.427190 0.026991 0.024741
0 0.280750 0.437954 0.025063 0.028918
0 0.260025 0.400521 0.026027 0.037594
0 0.176041 0.437633 0.024340 0.019279
0 0.176764 0.416426 0.028195 0.023777
0 0.186163 0.401003 0.032051 0.031489
0 0.218816 0.376904 0.029882 0.038558
0 0.226528 0.408553 0.028436 0.019600
0 0.247855 0.355697 0.024340 0.032774
0 0.257254 0.332723 0.033497 0.039522
0 0.276292 0.371120 0.028677 0.028918
0 0.289907 0.325975 0.029882 0.039522
0 0.299426 0.402127 0.028195 0.033096
0 0.311114 0.360999 0.022653 0.034381
0 0.306777 0.433937 0.020243 0.026669
0 0.336779 0.326457 0.028677 0.041128
0 0.340876 0.371602 0.030605 0.035666
0 0.340394 0.405662 0.025304 0.033738
0 0.363770 0.391524 0.024822 0.037594
0 0.374614 0.346700 0.034943 0.046270
0 0.383410 0.308785 0.033256 0.041128
0 0.431005 0.305250 0.029159 0.043056
0 0.415221 0.342362 0.031328 0.040807
0 0.497036 0.328546 0.032051 0.038879
0 0.524267 0.316657 0.029159 0.046591
0 0.531618 0.369032 0.032774 0.051089
0 0.563066 0.336739 0.033497 0.044342
0 0.571260 0.377707 0.034461 0.034381
0 0.541257 0.407750 0.029882 0.028276
0 0.579333 0.439239 0.034702 0.034702
0 0.590177 0.480368 0.030846 0.036630
0 0.585719 0.541739 0.024822 0.030204
0 0.613192 0.526798 0.027714 0.031168
0 0.595118 0.583992 0.028195 0.029882
0 0.622952 0.554913 0.025545 0.021207
0 0.636326 0.602789 0.027232 0.026991
0 0.606203 0.321637 0.026750 0.041771
0 0.640785 0.318424 0.027955 0.044342
0 0.616324 0.359231 0.029159 0.036630
0 0.612951 0.411445 0.028195 0.035666
0 0.645845 0.416104 0.032774 0.035345
0 0.670908 0.382206 0.029400 0.038879
0 0.715370 0.374655 0.032051 0.032132
0 0.692115 0.341880 0.030364 0.043699
0 0.772846 0.383330 0.030846 0.036630
0 0.739469 0.424137 0.041209 0.037915
0 0.685488 0.404537 0.033979 0.039201
0 0.699826 0.457393 0.030364 0.041450
0 0.666570 0.463980 0.032292 0.041771
0 0.624157 0.447754 0.039040 0.030525
0 0.637049 0.487115 0.031569 0.040486
0 0.677294 0.506876 0.028677 0.035023
0 0.651388 0.541578 0.033256 0.036951
0 0.642954 0.660626 0.026027 0.030846
0 0.666209 0.572585 0.033015 0.032132
0 0.703321 0.600058 0.031569 0.035666
0 0.677535 0.624799 0.024822 0.039522
0 0.665606 0.655324 0.018797 0.022171
0 0.694766 0.658055 0.021689 0.032132
0 0.675125 0.683118 0.022894 0.029561
0 0.718985 0.713482 0.022894 0.022813
0 0.698381 0.730673 0.027955 0.024420
0 0.731396 0.673479 0.030846 0.026348
0 0.751036 0.700951 0.021930 0.020886
0 0.792004 0.714928 0.026750 0.025063
0 0.756820 0.604396 0.031087 0.027633
0 0.757663 0.642150 0.032292 0.026027
0 0.765375 0.663036 0.023135 0.024099
0 0.815982 0.677495 0.028918 0.021528
0 0.794293 0.639258 0.031328 0.029882
0 0.731034 0.580458 0.024822 0.025384
0 0.727179 0.560536 0.029159 0.031810
0 0.708864 0.526798 0.031569 0.035023
0 0.751157 0.534831 0.033738 0.036951
0 0.778991 0.572746 0.027714 0.031810
0 0.814416 0.574192 0.030123 0.034702
0 0.824417 0.610822 0.028436 0.030846
0 0.833574 0.632671 0.022171 0.028276
0 0.875747 0.610983 0.030846 0.031168
0 0.849961 0.562143 0.027955 0.035023
0 0.834900 0.519568 0.032051 0.037273
0 0.864903 0.508322 0.025545 0.033417
0 0.798390 0.530975 0.024581 0.025384
0 0.791402 0.499325 0.031328 0.037273
0 0.780196 0.471049 0.033015 0.037273
0 0.729468 0.474905 0.031328 0.035987
0 0.812126 0.434741 0.032774 0.040486
0 0.848636 0.424137 0.035907 0.044984
0 0.855384 0.458036 0.031569 0.040807
0 0.826465 0.485509 0.027714 0.038558
0 0.219901 0.492899 0.023376 0.019922
0 0.348708 0.579976 0.020243 0.017994