0 0.491303 0.202782 0.020818 0.028066
0 0.511542 0.211572 0.016886 0.029608
0 0.559077 0.215889 0.020355 0.030225
0 0.534442 0.226221 0.019661 0.026215
0 0.580473 0.231927 0.018736 0.027757
0 0.607652 0.232852 0.016654 0.025290
0 0.625231 0.247502 0.018967 0.026832
0 0.594004 0.254904 0.019430 0.026832
0 0.573302 0.259993 0.017811 0.023439
0 0.555954 0.248273 0.018274 0.027140
0 0.535136 0.251665 0.017348 0.022823
0 0.515590 0.246114 0.017580 0.024056
0 0.496276 0.245806 0.017348 0.027140
0 0.474880 0.246577 0.018505 0.024981
0 0.472220 0.213114 0.015960 0.029608
0 0.453137 0.198618 0.019893 0.026524
0 0.428271 0.205403 0.017348 0.026524
0 0.397853 0.207562 0.020355 0.029608
0 0.408609 0.226221 0.018736 0.028066
0 0.434632 0.230848 0.018967 0.023748
0 0.453830 0.233469 0.018042 0.024673
0 0.378076 0.210492 0.017348 0.024365
0 0.354367 0.214502 0.020818 0.026832
0 0.359572 0.239946 0.019199 0.024056
0 0.381199 0.243492 0.019893 0.027449
0 0.402595 0.249352 0.019661 0.021897
0 0.338407 0.238712 0.019430 0.025290
0 0.317589 0.242876 0.019430 0.024365
0 0.424804 0.251428 0.021589 0.024578
0 0.447223 0.258182 0.018268 0.023471
0 0.464993 0.269253 0.016939 0.024357
0 0.491315 0.271024 0.018102 0.021257
0 0.509084 0.283978 0.019762 0.024135
0 0.532084 0.277667 0.018932 0.021700
0 0.551348 0.277999 0.017603 0.021921
0 0.315365 0.270360 0.019928 0.024357
0 0.305816 0.297706 0.018102 0.021921
0 0.296599 0.333355 0.018600 0.021921
0 0.286967 0.360259 0.017935 0.022585
0 0.335957 0.278663 0.017935 0.023692
0 0.354474 0.267814 0.018102 0.021478
0 0.374153 0.266153 0.018268 0.023471
0 0.392005 0.280546 0.016109 0.021700
0 0.364355 0.290953 0.019264 0.023471
0 0.353976 0.312431 0.016773 0.026128
0 0.328484 0.308888 0.018268 0.023914
0 0.339528 0.333688 0.017437 0.020814
0 0.320928 0.331252 0.016109 0.020814
0 0.308639 0.357602 0.019098 0.023028
0 0.330145 0.352730 0.017935 0.024357
0 0.348994 0.353616 0.019762 0.023471
0 0.363857 0.334573 0.017271 0.023028
0 0.380464 0.311213 0.019928 0.022807
0 0.274761 0.400115 0.017437 0.027900
0 0.292779 0.388158 0.017271 0.024357
0 0.319516 0.377087 0.016607 0.023914
0 0.338614 0.377640 0.016607 0.022807
0 0.357961 0.380076 0.017105 0.026350
0 0.347997 0.400337 0.014116 0.020814
0 0.329813 0.401001 0.016607 0.021257
0 0.310134 0.401222 0.018434 0.017714
0 0.298094 0.415726 0.016939 0.023692
0 0.320430 0.429565 0.016773 0.023471
0 0.308058 0.451929 0.017271 0.020371
0 0.288628 0.448386 0.015943 0.020814
0 0.283396 0.472632 0.018434 0.022807
0 0.311545 0.475068 0.018268 0.018821
0 0.302328 0.495107 0.013452 0.017271
0 0.315780 0.502524 0.015444 0.020593
0 0.309469 0.531531 0.015444 0.019264
0 0.329231 0.524888 0.017437 0.021035
0 0.338614 0.505181 0.015610 0.020150
0 0.334546 0.484035 0.018434 0.017271
0 0.328982 0.465436 0.018268 0.019043
0 0.337286 0.444179 0.015278 0.021700
0 0.349326 0.436207 0.016109 0.020814
0 0.364189 0.409415 0.016939 0.021700
0 0.379135 0.364576 0.019928 0.021035
0 0.378388 0.388047 0.019762 0.020593
0 0.388269 0.334352 0.016939 0.022585
0 0.405789 0.341437 0.018434 0.025242
0 0.400641 0.370444 0.016441 0.022585
0 0.336871 0.552345 0.017769 0.020593
0 0.330643 0.569173 0.017603 0.017493
0 0.343679 0.595191 0.017105 0.018157
0 0.348578 0.574820 0.014282 0.019485
0 0.355969 0.552898 0.014448 0.016385
0 0.349824 0.525663 0.015112 0.018157
0 0.355055 0.495107 0.015943 0.020371
0 0.352564 0.467871 0.016939 0.021257
0 0.360618 0.448386 0.018434 0.016385
0 0.378886 0.437204 0.020759 0.021035
0 0.382373 0.413843 0.017105 0.020371
0 0.360951 0.599730 0.015444 0.019264
0 0.367261 0.577366 0.014780 0.023250
0 0.376146 0.553120 0.016275 0.016385
0 0.367842 0.531974 0.018932 0.018378
0 0.369752 0.509610 0.016441 0.017935
0 0.376561 0.488353 0.018102 0.020593
0 0.374568 0.466653 0.017105 0.017493
0 0.379633 0.595744 0.016275 0.017050
0 0.366182 0.621651 0.015610 0.017050
0 0.352730 0.626854 0.016275 0.018600
0 0.336372 0.612019 0.015444 0.017714
0 0.363940 0.646561 0.015112 0.023028
0 0.378056 0.641911 0.016109 0.023028
0 0.374651 0.670364 0.015943 0.018378
0 0.387937 0.662172 0.014282 0.017493
0 0.397320 0.649661 0.017437 0.011071
0 0.397984 0.636486 0.015444 0.017493
0 0.394081 0.617222 0.016607 0.018378
0 0.418659 0.727271 0.018600 0.022364
0 0.415006 0.699925 0.014946 0.020371
0 0.400226 0.700700 0.011293 0.012178
0 0.400392 0.683539 0.016275 0.019043
0 0.425385 0.685754 0.013784 0.020814
0 0.407367 0.664275 0.019264 0.018600
0 0.424887 0.661840 0.014780 0.017714
0 0.430866 0.643793 0.015444 0.018821
0 0.443072 0.631172 0.014614 0.016164
0 0.416667 0.633276 0.016275 0.019043
0 0.388103 0.572937 0.017603 0.017935
0 0.394995 0.556220 0.016109 0.018600
0 0.389680 0.532306 0.014780 0.026128
0 0.387356 0.507949 0.017105 0.017271
0 0.395493 0.485475 0.019762 0.021035
0 0.392587 0.462336 0.017935 0.021257
0 0.395576 0.433329 0.016275 0.021257
0 0.400060 0.411186 0.017271 0.020371
0 0.411269 0.283203 0.017769 0.025242
0 0.432692 0.283535 0.020094 0.023692
0 0.424057 0.311767 0.019762 0.027014
0 0.405955 0.314424 0.017769 0.025242
0 0.429371 0.341659 0.017437 0.024800
0 0.440415 0.321509 0.019264 0.019485
0 0.457935 0.287853 0.019762 0.020814
0 0.477282 0.290067 0.018600 0.027014
0 0.461837 0.318299 0.016275 0.025464
0 0.450711 0.343098 0.017603 0.022807
0 0.446144 0.364798 0.018102 0.021921
0 0.422811 0.364687 0.018932 0.020814
0 0.418327 0.386276 0.016607 0.020593
0 0.435765 0.387494 0.017271 0.029671
0 0.427876 0.411961 0.018434 0.023692
0 0.417082 0.428015 0.017769 0.019928
0 0.408197 0.456246 0.016275 0.024135
0 0.422230 0.462336 0.018102 0.022585
0 0.444649 0.426133 0.018102 0.025464
0 0.451790 0.393030 0.014116 0.020814
0 0.398399 0.590541 0.015610 0.019043
0 0.411519 0.580687 0.017935 0.020593
0 0.411269 0.557438 0.016109 0.020593
0 0.406536 0.535406 0.017603 0.019928
0 0.407118 0.511049 0.016109 0.024357
0 0.418078 0.485364 0.017437 0.020814
0 0.432609 0.494885 0.016939 0.022143
0 0.426465 0.515035 0.017603 0.021700
0 0.412017 0.607701 0.017271 0.021921
0 0.429952 0.613126 0.017935 0.019043
0 0.427627 0.591426 0.015610 0.021700
0 0.444068 0.586887 0.018932 0.019707
0 0.447971 0.609030 0.015444 0.018378
0 0.450628 0.683761 0.015112 0.022585
0 0.467650 0.675900 0.015610 0.018821
0 0.440830 0.662615 0.013452 0.020593
0 0.456108 0.651765 0.015112 0.018821
0 0.490567 0.664497 0.017603 0.019485
0 0.473462 0.652429 0.011625 0.016164
0 0.473960 0.632058 0.016275 0.015278
0 0.428541 0.568398 0.016441 0.019485
0 0.445895 0.564523 0.016275 0.020593
0 0.443487 0.543156 0.017105 0.019043
0 0.425800 0.538174 0.017271 0.018821
0 0.444483 0.473739 0.016109 0.019264
0 0.456772 0.445729 0.016441 0.018600
0 0.464162 0.421261 0.017935 0.024135
0 0.479607 0.390815 0.015610 0.022143
0 0.490069 0.371219 0.015610 0.023692
0 0.465657 0.371662 0.019596 0.018821
0 0.466736 0.349298 0.020094 0.025464
0 0.480022 0.316416 0.012787 0.019928
0 0.496131 0.304127 0.016441 0.022807
0 0.496463 0.336566 0.016773 0.024800
0 0.511077 0.322838 0.017105 0.025242
0 0.514315 0.349630 0.016939 0.021700
0 0.511409 0.374208 0.017105 0.021257
0 0.504268 0.405872 0.016441 0.023028
0 0.488574 0.424250 0.017603 0.022143
0 0.479441 0.440636 0.015943 0.018600
0 0.464827 0.467428 0.017603 0.021700
0 0.451375 0.500310 0.016275 0.021478
0 0.469477 0.498649 0.014614 0.027900
0 0.491149 0.493446 0.017105 0.019707
0 0.502690 0.475510 0.015943 0.020593
0 0.519131 0.468868 0.014946 0.018378
0 0.483842 0.466100 0.016109 0.020814
0 0.499701 0.447832 0.015278 0.018378
0 0.458848 0.524888 0.017603 0.021478
0 0.471718 0.541163 0.017105 0.022585
0 0.487163 0.516363 0.018766 0.021700
0 0.505181 0.513374 0.014946 0.022807
0 0.521124 0.498760 0.016939 0.022364
0 0.466986 0.556331 0.016939 0.019707
0 0.466487 0.588659 0.016939 0.020593
0 0.485087 0.594084 0.015610 0.017714
0 0.486665 0.570945 0.015777 0.020593
0 0.495217 0.542934 0.022585 0.023471
0 0.505264 0.556663 0.017105 0.019485
0 0.501611 0.586334 0.017769 0.021257
0 0.489156 0.617001 0.016773 0.021478
0 0.470805 0.606262 0.017603 0.019485
0 0.490899 0.638258 0.014282 0.020150
0 0.506012 0.648776 0.015943 0.020814
0 0.508088 0.625415 0.020759 0.017935
0 0.521705 0.652761 0.014448 0.017714
0 0.533828 0.670475 0.017105 0.017714
0 0.554919 0.665825 0.016773 0.015943
0 0.546865 0.649440 0.017935 0.017271
0 0.561479 0.639697 0.015943 0.019928
0 0.581988 0.658740 0.016109 0.018600
0 0.554670 0.620322 0.021257 0.016164
0 0.524694 0.608919 0.017105 0.019485
0 0.524528 0.635933 0.017105 0.015057
0 0.515229 0.579137 0.017769 0.021921
0 0.532583 0.580244 0.018268 0.017935
0 0.544374 0.602719 0.018268 0.019043
0 0.553175 0.580023 0.019264 0.019707
0 0.524030 0.558877 0.020094 0.018600
0 0.521290 0.539059 0.020260 0.016607
0 0.525691 0.519020 0.017105 0.016828
0 0.517470 0.441079 0.018600 0.022585
0 0.531669 0.424140 0.018766 0.023250
0 0.520875 0.397126 0.021091 0.026350
0 0.533911 0.377419 0.020593 0.023692
0 0.541467 0.401776 0.017105 0.024135
0 0.528265 0.313759 0.015278 0.027900
0 0.533413 0.347416 0.017603 0.027014
0 0.547944 0.361698 0.018102 0.021921
0 0.556995 0.337784 0.018268 0.025464
0 0.551681 0.304681 0.019264 0.025685
0 0.578003 0.286413 0.024744 0.025907
0 0.598097 0.284642 0.018766 0.025907
0 0.617527 0.278110 0.017769 0.022143
0 0.645260 0.274899 0.025741 0.024578
0 0.632473 0.303020 0.017105 0.025021
0 0.653813 0.300695 0.017935 0.023028
0 0.674073 0.310659 0.019928 0.027457
0 0.571028 0.314202 0.019430 0.023914
0 0.593945 0.315088 0.020426 0.023914
0 0.613790 0.304570 0.017271 0.024578
0 0.623754 0.332913 0.019596 0.023692
0 0.645593 0.323059 0.019762 0.019485
0 0.601833 0.335680 0.019264 0.021257
0 0.582403 0.337009 0.015278 0.024800
0 0.570862 0.364355 0.019430 0.026350
0 0.555666 0.385390 0.016939 0.026792
0 0.568287 0.405097 0.017271 0.022807
0 0.586140 0.386387 0.021423 0.019928
0 0.596685 0.361144 0.018932 0.022585
0 0.617610 0.357269 0.019264 0.021478
0 0.640112 0.353394 0.021423 0.029228
0 0.662116 0.343984 0.020593 0.025907
0 0.679305 0.345423 0.018434 0.023471
0 0.556746 0.423808 0.020426 0.019928
0 0.579663 0.428125 0.021423 0.025021
0 0.599924 0.409194 0.021423 0.025242
0 0.612462 0.385723 0.022917 0.023028
0 0.628737 0.381848 0.016607 0.021921
0 0.646589 0.378858 0.020426 0.023914
0 0.664940 0.370887 0.018932 0.020371
0 0.685864 0.368894 0.016607 0.024800
0 0.535821 0.458129 0.017437 0.021700
0 0.562890 0.446725 0.019098 0.029007
0 0.578667 0.460232 0.016441 0.022364
0 0.593696 0.448497 0.017935 0.027678
0 0.617610 0.438422 0.020925 0.021257
0 0.619271 0.413622 0.017271 0.025685
0 0.637953 0.407201 0.018766 0.026128
0 0.654560 0.418604 0.017769 0.024578
0 0.667597 0.395465 0.018600 0.021257
0 0.535157 0.483039 0.017437 0.020150
0 0.553756 0.478942 0.015112 0.021700
0 0.545370 0.500310 0.016275 0.021035
0 0.541052 0.531088 0.015943 0.021035
0 0.541716 0.553784 0.016607 0.025242
0 0.560897 0.557548 0.018766 0.022585
0 0.569616 0.538506 0.020260 0.020814
0 0.570695 0.519020 0.021423 0.017271
0 0.574100 0.487578 0.017935 0.021257
0 0.562309 0.598955 0.016939 0.017271
0 0.572937 0.578916 0.016607 0.020593
0 0.581573 0.557548 0.018600 0.019043
0 0.590873 0.534852 0.015278 0.020593
0 0.607148 0.519574 0.016275 0.022807
0 0.591454 0.506731 0.016773 0.017935
0 0.595855 0.484921 0.017603 0.020371
0 0.614289 0.467871 0.016939 0.021700
0 0.632556 0.464550 0.017935 0.016385
0 0.631062 0.484921 0.018932 0.017714
0 0.609556 0.494885 0.018102 0.022143
0 0.630065 0.513263 0.022585 0.025685
0 0.602996 0.563970 0.015610 0.021257
0 0.594028 0.586887 0.014282 0.020593
0 0.584147 0.603273 0.014116 0.018378
0 0.576093 0.622315 0.015943 0.017493
0 0.597017 0.630397 0.018268 0.021257
0 0.604906 0.610580 0.016109 0.020150
0 0.618274 0.592423 0.016275 0.020593
0 0.620765 0.630065 0.016607 0.022364
0 0.632058 0.609251 0.013950 0.011293
0 0.637704 0.595412 0.018268 0.013728
0 0.630978 0.561534 0.018766 0.016385
0 0.621430 0.542491 0.018932 0.018600
0 0.641690 0.543931 0.016275 0.021035
0 0.642603 0.652097 0.017105 0.021257
0 0.662282 0.642686 0.018932 0.017493
0 0.652235 0.623422 0.016109 0.017493
0 0.686778 0.633829 0.018102 0.018821
0 0.712684 0.645233 0.017769 0.018157
0 0.733194 0.639254 0.018600 0.019485
0 0.752541 0.631062 0.017769 0.019043
0 0.730205 0.600505 0.012289 0.015943
0 0.752624 0.599951 0.015278 0.016607
0 0.759682 0.586002 0.017769 0.018378
0 0.739587 0.586112 0.016109 0.018600
0 0.703717 0.620987 0.015444 0.019264
0 0.668510 0.616226 0.015112 0.019928
0 0.655640 0.603605 0.011293 0.018157
0 0.692424 0.604269 0.017105 0.019928
0 0.715923 0.597958 0.017935 0.018821
0 0.717749 0.577034 0.016607 0.021257
0 0.696825 0.574155 0.018268 0.019485
0 0.674073 0.582348 0.016939 0.020371
0 0.652733 0.568287 0.015777 0.021478
0 0.658629 0.546366 0.013618 0.014835
0 0.654560 0.524777 0.017769 0.019928
0 0.680052 0.559763 0.014946 0.021257
0 0.711107 0.555223 0.018600 0.018821
0 0.730122 0.550352 0.015777 0.019707
0 0.779444 0.546034 0.014780 0.020814
0 0.757606 0.548691 0.016607 0.020814
0 0.742577 0.533745 0.017437 0.021035
0 0.731035 0.517138 0.016607 0.021035
0 0.714179 0.528652 0.018766 0.019264
0 0.693836 0.538727 0.017603 0.018600
0 0.676730 0.533634 0.019596 0.021700
0 0.788080 0.515478 0.018102 0.023028
0 0.764830 0.511492 0.015777 0.024357
0 0.785007 0.486803 0.016939 0.021035
0 0.750299 0.501749 0.018932 0.020814
0 0.723562 0.500974 0.019264 0.019707
0 0.692673 0.519020 0.017271 0.019043
0 0.671250 0.509942 0.017271 0.022143
0 0.653232 0.500310 0.017769 0.019707
0 0.667431 0.482707 0.017935 0.018157
0 0.687442 0.480382 0.017105 0.020593
0 0.702305 0.491674 0.017603 0.018821
0 0.651571 0.467318 0.016773 0.022807
0 0.637953 0.434547 0.016109 0.021035
0 0.656387 0.445729 0.019762 0.019485
0 0.679554 0.457686 0.019264 0.019928
0 0.763335 0.478278 0.016773 0.022143
0 0.790405 0.461450 0.018102 0.022143
0 0.765909 0.454586 0.018600 0.020371
0 0.745151 0.464661 0.016607 0.025907
0 0.726385 0.472521 0.017603 0.023028
0 0.706872 0.452371 0.015777 0.026128
0 0.693503 0.442739 0.017603 0.020593
0 0.677395 0.424472 0.020260 0.022585
0 0.785173 0.439197 0.018932 0.017935
0 0.781935 0.413622 0.018434 0.023028
0 0.762422 0.402772 0.016275 0.024357
0 0.744237 0.386608 0.017769 0.023028
0 0.756527 0.431890 0.018102 0.025907
0 0.741082 0.413401 0.016773 0.022585
0 0.725056 0.438422 0.018268 0.023028
0 0.706872 0.418826 0.019762 0.022364
0 0.686861 0.401001 0.016939 0.020371
0 0.718746 0.393915 0.017271 0.017714
0 0.718995 0.365019 0.020426 0.022807
0 0.702969 0.382955 0.017271 0.018821
0 0.717749 0.343209 0.019596 0.023471