0 0.144737 0.312030 0.063910 0.090226
0 0.213346 0.392857 0.054511 0.068922
0 0.162594 0.491855 0.060150 0.076441
0 0.190320 0.604637 0.066729 0.083960
0 0.261278 0.471178 0.062030 0.070175
0 0.276786 0.365288 0.055451 0.068922
0 0.327068 0.416667 0.050752 0.076441
0 0.386748 0.378446 0.053571 0.077694
0 0.382519 0.461779 0.056391 0.068922
0 0.277726 0.586466 0.051692 0.072682
0 0.331297 0.501880 0.055451 0.066416
0 0.385338 0.540100 0.060150 0.065163
0 0.325658 0.664160 0.068609 0.077694
0 0.218985 0.699875 0.062030 0.081454
0 0.276316 0.765038 0.060150 0.083960
0 0.345395 0.797619 0.066729 0.081454
0 0.419643 0.825188 0.074248 0.086466
0 0.401786 0.681704 0.070489 0.082707
0 0.469455 0.656015 0.062970 0.086466
0 0.507049 0.781328 0.057331 0.078947
0 0.566729 0.775689 0.058271 0.070175
0 0.606673 0.718672 0.076128 0.086466
0 0.542293 0.664787 0.069549 0.083960
0 0.339756 0.282581 0.042293 0.073935
0 0.387688 0.261905 0.051692 0.085213
0 0.448778 0.238095 0.068609 0.077694
0 0.525846 0.251253 0.061090 0.076441
0 0.501880 0.159774 0.060150 0.081454
0 0.583177 0.137845 0.066729 0.075188
0 0.676222 0.145363 0.061090 0.087719
0 0.772086 0.170426 0.066729 0.095238
0 0.805921 0.237469 0.064850 0.078947
0 0.811090 0.320802 0.062030 0.085213
0 0.615602 0.246241 0.067669 0.088972
0 0.656955 0.328321 0.063910 0.082707
0 0.718045 0.266917 0.065789 0.082707
0 0.720865 0.365288 0.056391 0.081454
0 0.895677 0.346491 0.077068 0.091479
0 0.858553 0.521303 0.055451 0.082707
0 0.842105 0.422932 0.039474 0.078947
0 0.800282 0.452381 0.066729 0.090226
0 0.675752 0.427945 0.060150 0.071429
0 0.612312 0.409774 0.059211 0.090226
0 0.541353 0.364035 0.065789 0.081454
0 0.476034 0.330827 0.057331 0.075188
0 0.437970 0.441103 0.065789 0.072682
0 0.515977 0.461153 0.065789 0.085213
0 0.559680 0.548872 0.070489 0.087719
0 0.630639 0.506266 0.058271 0.075188
0 0.710996 0.564536 0.070489 0.081454
0 0.824248 0.565163 0.065789 0.080201
0 0.888158 0.657268 0.071429 0.098997
0 0.844925 0.710526 0.050752 0.072682
0 0.808741 0.691729 0.064850 0.090226
0 0.656955 0.649749 0.062030 0.086466
0 0.716165 0.676692 0.063910 0.082707
0 0.672932 0.763784 0.065789 0.088972
0 0.743891 0.775689 0.062970 0.070175
0 0.789944 0.855890 0.068609 0.077694
0 0.712406 0.881579 0.071429 0.081454
0 0.623120 0.837719 0.054511 0.083960