0 0.064826 0.608251 0.021689 0.034702
0 0.093985 0.570979 0.029400 0.028276
0 0.056632 0.569372 0.029882 0.028918
0 0.155798 0.559572 0.027714 0.029882
0 0.130254 0.548487 0.020002 0.035987
0 0.149412 0.516516 0.026509 0.031168
0 0.185560 0.536116 0.028436 0.029882
0 0.198573 0.574674 0.026509 0.034381
0 0.225684 0.549611 0.025304 0.029240
0 0.235926 0.508001 0.027473 0.033417
0 0.206887 0.503181 0.024822 0.032132
0 0.173511 0.499968 0.020725 0.026991
0 0.204357 0.462535 0.024099 0.029882
0 0.237131 0.466551 0.026509 0.032132
0 0.259061 0.558447 0.026509 0.030204
0 0.268339 0.452092 0.027714 0.030204
0 0.268821 0.490971 0.027232 0.031489
0 0.271954 0.527601 0.028677 0.030204
0 0.298222 0.560536 0.026750 0.031810
0 0.310994 0.524227 0.025304 0.032453
0 0.299908 0.483259 0.025786 0.032132
0 0.309789 0.447433 0.024340 0.038879
0 0.335093 0.471210 0.025304 0.033738
0 0.361601 0.454020 0.025304 0.026991
0 0.369674 0.487597 0.027473 0.033096
0 0.349070 0.512499 0.028677 0.031489
0 0.337984 0.550254 0.018556 0.029882
0 0.366300 0.546077 0.028436 0.026027
0 0.394255 0.525352 0.023135 0.034702
0 0.419920 0.539008 0.019520 0.034381
0 0.429439 0.503984 0.024099 0.031168
0 0.411606 0.476512 0.024099 0.040486
0 0.335936 0.418996 0.028918 0.032132
0 0.368228 0.406626 0.025063 0.031810
0 0.396424 0.386061 0.024581 0.029882
0 0.390881 0.435062 0.021207 0.029561
0 0.423294 0.436347 0.023858 0.028918
0 0.444742 0.400521 0.023858 0.033096
0 0.478841 0.406144 0.027955 0.035345
0 0.461370 0.444059 0.025786 0.030204
0 0.441488 0.468800 0.025063 0.028918
0 0.461490 0.500289 0.026027 0.026348
0 0.452815 0.537723 0.026027 0.033096
0 0.487758 0.530011 0.025063 0.029882
0 0.506073 0.494827 0.025545 0.035987
0 0.534027 0.514588 0.025545 0.028597
0 0.488119 0.465266 0.023376 0.030204
0 0.498482 0.425262 0.024822 0.029882
0 0.522942 0.458839 0.025545 0.033417
0 0.550535 0.481814 0.026268 0.029240
0 0.554632 0.445505 0.026750 0.030525
0 0.530413 0.409517 0.025545 0.033096
0 0.564753 0.403734 0.024340 0.027312
0 0.565717 0.511053 0.023858 0.028597
0 0.583912 0.484063 0.022653 0.028597
0 0.594756 0.505591 0.019761 0.024099
0 0.625000 0.500129 0.020966 0.025384
0 0.654400 0.503181 0.020966 0.025063
0 0.649460 0.471371 0.026509 0.030204
0 0.608010 0.467515 0.022653 0.027633
0 0.583550 0.432813 0.023858 0.027633
0 0.608010 0.407429 0.025063 0.034702
0 0.591503 0.368068 0.022894 0.032453
0 0.638616 0.358428 0.024099 0.032453
0 0.637652 0.398111 0.020725 0.027633
0 0.678379 0.396986 0.024581 0.035666
0 0.708141 0.388311 0.024340 0.030525
0 0.723805 0.416104 0.023858 0.031489
0 0.691633 0.424459 0.022653 0.026991
0 0.661871 0.429600 0.027714 0.028276
0 0.633676 0.435544 0.024340 0.029882
0 0.679102 0.464623 0.022653 0.032774
0 0.687054 0.493220 0.022171 0.024420
0 0.715491 0.484384 0.024581 0.024741
0 0.713804 0.457393 0.024581 0.023456
0 0.737059 0.444541 0.017110 0.030525
0 0.755254 0.481010 0.024581 0.031489
0 0.765977 0.414337 0.024822 0.030525
0 0.770797 0.445344 0.023376 0.024420
0 0.789715 0.483420 0.022653 0.030525
0 0.813934 0.490168 0.024822 0.030525
0 0.852853 0.474745 0.021689 0.032453
0 0.882736 0.474423 0.024099 0.028597
0 0.917197 0.470567 0.021689 0.031168