0 0.222190 0.337061 0.021689 0.034060
0 0.271351 0.286453 0.024099 0.029882
0 0.262073 0.326136 0.024822 0.033417
0 0.245325 0.362123 0.024099 0.029561
0 0.274966 0.368228 0.030364 0.025705
0 0.299547 0.400199 0.027955 0.031810
0 0.328827 0.380438 0.027714 0.028276
0 0.306897 0.353930 0.023376 0.031168
0 0.297619 0.312641 0.024099 0.032132
0 0.322079 0.278742 0.024822 0.034381
0 0.299185 0.266853 0.017592 0.035666
0 0.355335 0.283883 0.027232 0.033096
0 0.381965 0.270066 0.024581 0.029240
0 0.412811 0.269906 0.025545 0.034702
0 0.433777 0.236007 0.020725 0.037594
0 0.464382 0.245004 0.024581 0.036309
0 0.443416 0.292076 0.025545 0.030204
0 0.412208 0.308303 0.022412 0.032453
0 0.383531 0.311195 0.026750 0.033738
0 0.357504 0.333205 0.021448 0.034060
0 0.333165 0.325011 0.017592 0.036951
0 0.384856 0.352484 0.024581 0.034702
0 0.414136 0.354412 0.023376 0.034702
0 0.441850 0.329831 0.024340 0.031168
0 0.471973 0.345736 0.023376 0.029561
0 0.478841 0.382687 0.025063 0.030846
0 0.452574 0.406626 0.025545 0.027312
0 0.425101 0.389917 0.022171 0.028597
0 0.392929 0.395058 0.027232 0.027955
0 0.362324 0.383973 0.026268 0.030204
0 0.347262 0.420924 0.024581 0.030846
0 0.372807 0.443577 0.020725 0.032453
0 0.404135 0.434419 0.027955 0.031489
0 0.433536 0.466390 0.023617 0.025384
0 0.458478 0.444701 0.024340 0.029561
0 0.485468 0.426386 0.025786 0.028918
0 0.321115 0.432010 0.022412 0.027955
0 0.283521 0.429600 0.025304 0.033417
0 0.260628 0.397789 0.023858 0.030204
0 0.227853 0.401645 0.023376 0.033417
0 0.194236 0.393773 0.023617 0.034381
0 0.184596 0.445023 0.022653 0.030846
0 0.214479 0.435062 0.022171 0.028918
0 0.254000 0.444541 0.026991 0.031810
0 0.242192 0.477476 0.025063 0.026991
0 0.205080 0.482456 0.024581 0.030525
0 0.174836 0.475227 0.020966 0.032132
0 0.163028 0.509286 0.026268 0.028276
0 0.174957 0.554913 0.022653 0.024420
0 0.205080 0.514266 0.025063 0.027955
0 0.230625 0.509929 0.023135 0.028276
0 0.258097 0.528726 0.027955 0.031810
0 0.270267 0.491132 0.025786 0.027955
0 0.210864 0.548487 0.026027 0.028918
0 0.212792 0.601825 0.025545 0.028918
0 0.245807 0.571300 0.023617 0.029561
0 0.286293 0.524067 0.024099 0.026991
0 0.316657 0.500771 0.027473 0.028597
0 0.334249 0.465426 0.025063 0.025384
0 0.306415 0.463980 0.023858 0.025063
0 0.364854 0.483259 0.026991 0.030204
0 0.350154 0.506073 0.023617 0.030846
0 0.367987 0.540936 0.024099 0.031168
0 0.342322 0.543667 0.021930 0.031489
0 0.308825 0.562464 0.022894 0.031168
0 0.273641 0.590097 0.028677 0.027955
0 0.241951 0.603110 0.025063 0.030204
0 0.227612 0.638294 0.020966 0.033738
0 0.254362 0.641347 0.024822 0.027633
0 0.297258 0.618052 0.027232 0.028597
0 0.291474 0.654842 0.021448 0.029561
0 0.274123 0.677977 0.025304 0.026348
0 0.280509 0.722479 0.016869 0.029240
0 0.305692 0.705450 0.022894 0.028597
0 0.312560 0.739991 0.022171 0.027633
0 0.334370 0.701433 0.025304 0.028276
0 0.326297 0.592989 0.024099 0.033096
0 0.332683 0.645042 0.024822 0.027955
0 0.361601 0.645203 0.026268 0.027633
0 0.347865 0.614356 0.026268 0.027633
0 0.361240 0.579654 0.024099 0.031489
0 0.389797 0.573067 0.024822 0.031810
0 0.403653 0.543506 0.023135 0.036951
0 0.387507 0.504306 0.024099 0.031810
0 0.398834 0.469443 0.024581 0.030846
0 0.345214 0.735011 0.025304 0.036951
0 0.366903 0.730994 0.024340 0.030204
0 0.363047 0.690026 0.024340 0.025384
0 0.390520 0.694364 0.022894 0.037915
0 0.413172 0.695810 0.025304 0.035023
0 0.393170 0.646006 0.024340 0.028597
0 0.387989 0.611786 0.023135 0.030204
0 0.413293 0.626566 0.024581 0.027633
0 0.415341 0.593150 0.023858 0.030204
0 0.428355 0.710430 0.024340 0.023135
0 0.441368 0.683279 0.023376 0.026027
0 0.462816 0.711555 0.027714 0.038237
0 0.486191 0.694364 0.022412 0.028918
0 0.508603 0.714446 0.027714 0.035023
0 0.538245 0.714286 0.026750 0.032774
0 0.550414 0.683118 0.027955 0.031489
0 0.577646 0.696774 0.023617 0.031810
0 0.604034 0.688098 0.026268 0.032453
0 0.511013 0.678298 0.021930 0.030846
0 0.533545 0.647773 0.023135 0.032132
0 0.562584 0.645845 0.022412 0.034060
0 0.495590 0.649059 0.023376 0.039843
0 0.512218 0.621265 0.023858 0.035666
0 0.467515 0.661751 0.024099 0.028597
0 0.442091 0.650022 0.025304 0.032774
0 0.414739 0.504948 0.022171 0.033096
0 0.441488 0.507840 0.026991 0.033738
0 0.471853 0.541096 0.025545 0.038558
0 0.500530 0.540132 0.026027 0.032774
0 0.486191 0.504306 0.026268 0.032453
0 0.464503 0.482135 0.027714 0.031168
0 0.487878 0.463498 0.021930 0.030525
0 0.517038 0.449361 0.026268 0.035666
0 0.519930 0.484063 0.027714 0.026669
0 0.524267 0.517158 0.023376 0.034381
0 0.545474 0.549933 0.025304 0.032453
0 0.481492 0.584474 0.025545 0.034060
0 0.453899 0.570979 0.020484 0.028918
0 0.449802 0.604235 0.027714 0.031168
0 0.475829 0.623996 0.026268 0.034060
0 0.509808 0.581422 0.024822 0.029240
0 0.538486 0.592346 0.026750 0.034381
0 0.565235 0.602789 0.024340 0.032132
0 0.582345 0.577566 0.022412 0.036951
0 0.569332 0.522942 0.024340 0.040165
0 0.596082 0.499968 0.027714 0.033417
0 0.548607 0.492899 0.024822 0.035987
0 0.573911 0.462695 0.024822 0.030204
0 0.544269 0.455787 0.026750 0.032453
0 0.546800 0.414819 0.023617 0.037273
0 0.517158 0.400681 0.026027 0.037273
0 0.538968 0.372245 0.026268 0.035023
0 0.509085 0.361481 0.027232 0.034060
0 0.497638 0.318424 0.028436 0.037273
0 0.493060 0.277617 0.028918 0.035345
0 0.526075 0.287739 0.028918 0.040165
0 0.502458 0.239862 0.028918 0.036951
0 0.538606 0.239862 0.028436 0.036309
0 0.578128 0.240987 0.026509 0.039843
0 0.555114 0.277938 0.025304 0.038558
0 0.588129 0.281955 0.031569 0.038879
0 0.567284 0.320995 0.027473 0.036630
0 0.539691 0.333847 0.026750 0.035345
0 0.606685 0.244682 0.022894 0.035666
0 0.638134 0.254804 0.025545 0.037273
0 0.619698 0.287899 0.024340 0.034702
0 0.643676 0.307981 0.023135 0.036951
0 0.603070 0.328867 0.021930 0.033738
0 0.600901 0.367425 0.022894 0.030525
0 0.570537 0.360035 0.026268 0.032453
0 0.580176 0.403573 0.023858 0.030846
0 0.602106 0.430885 0.025786 0.033417
0 0.623072 0.404376 0.028195 0.031168
0 0.647894 0.383169 0.023858 0.031168
0 0.642351 0.348467 0.028195 0.034381
0 0.668016 0.331759 0.023617 0.037594
0 0.687536 0.295611 0.028436 0.038558
0 0.719346 0.301876 0.028918 0.036951
0 0.736095 0.325172 0.027714 0.032774
0 0.695248 0.334490 0.027955 0.033417
0 0.693440 0.380438 0.031087 0.035345
0 0.724287 0.368871 0.026750 0.034060
0 0.752723 0.368068 0.023376 0.036951
0 0.617047 0.469282 0.025304 0.031168
0 0.638616 0.437954 0.027955 0.028918
0 0.666209 0.417711 0.024822 0.034060
0 0.700670 0.415622 0.029641 0.029240
0 0.727179 0.404698 0.021930 0.033096
0 0.757302 0.416586 0.024822 0.033096
0 0.720672 0.442131 0.027714 0.034702
0 0.674643 0.452092 0.026268 0.032132
0 0.643676 0.473138 0.025545 0.031168
0 0.677656 0.486794 0.026509 0.030204
0 0.702598 0.471049 0.021930 0.027633
0 0.732721 0.480368 0.022894 0.030846
0 0.755133 0.454823 0.022894 0.028597
0 0.622229 0.506716 0.021689 0.030846
0 0.646207 0.513302 0.018074 0.031168
0 0.675487 0.522299 0.022171 0.027955
0 0.633435 0.551860 0.024340 0.031168
0 0.595118 0.535955 0.020484 0.027633
0 0.611987 0.576120 0.023858 0.025705
0 0.596925 0.614035 0.025545 0.034060
0 0.645243 0.589615 0.025786 0.032132
0 0.628253 0.623675 0.026509 0.034060
0 0.582707 0.659501 0.019761 0.029882
0 0.607890 0.650826 0.019520 0.031810
0 0.635844 0.669944 0.021930 0.028918
0 0.663437 0.674443 0.024581 0.032774
0 0.650906 0.635724 0.024099 0.029882
0 0.683319 0.637652 0.024340 0.031168
0 0.705851 0.669141 0.022171 0.030525
0 0.731396 0.663678 0.022171 0.030525
0 0.715732 0.626566 0.021689 0.029561
0 0.679825 0.595720 0.022653 0.026348
0 0.708502 0.588490 0.023617 0.027312
0 0.736577 0.593150 0.020484 0.028918
0 0.762965 0.659341 0.020725 0.030204
0 0.746819 0.626406 0.023135 0.026027
0 0.668619 0.561339 0.023376 0.030204
0 0.692597 0.554592 0.022171 0.028276
0 0.724648 0.557162 0.024099 0.022492
0 0.710791 0.525512 0.023858 0.030525
0 0.741517 0.521175 0.023135 0.035345
0 0.757422 0.563267 0.024581 0.032774
0 0.768026 0.594274 0.021689 0.025384
0 0.787787 0.629940 0.026027 0.032453
0 0.803812 0.598451 0.026268 0.028597
0 0.790920 0.570497 0.022653 0.035666
0 0.822730 0.560536 0.022171 0.031810
0 0.833695 0.516998 0.021930 0.027633
0 0.782726 0.382045 0.021689 0.034702
0 0.813452 0.423173 0.024340 0.032774
0 0.786341 0.449682 0.025545 0.031168
0 0.797426 0.487919 0.027473 0.037594
0 0.832128 0.478440 0.019761 0.032132
0 0.765736 0.491614 0.023858 0.028276
0 0.767423 0.529047 0.023376 0.032453
0 0.799836 0.529208 0.022171 0.033417