0 0.505952 0.438115 0.025786 0.032453
0 0.530774 0.401645 0.029159 0.039843
0 0.499205 0.397789 0.027232 0.043056
0 0.468840 0.379635 0.030605 0.045306
0 0.474383 0.228938 0.030123 0.041450
0 0.525593 0.265568 0.028918 0.040165
0 0.493783 0.282598 0.033738 0.044020
0 0.448477 0.271673 0.033256 0.047233
0 0.406786 0.259463 0.038076 0.050447
0 0.405461 0.312801 0.030123 0.045306
0 0.455225 0.320192 0.033738 0.035666
0 0.488722 0.335293 0.028918 0.033096
0 0.534750 0.311355 0.037112 0.044984
0 0.551017 0.351680 0.032533 0.036309
0 0.590659 0.274404 0.031328 0.037915
0 0.588370 0.318264 0.032051 0.039522
0 0.561620 0.391684 0.026750 0.037273
0 0.436187 0.358749 0.030364 0.040807
0 0.401605 0.376261 0.034461 0.048197
0 0.377988 0.345094 0.032051 0.048840
0 0.366059 0.298663 0.035666 0.046591
0 0.324489 0.303001 0.043137 0.044984
0 0.322561 0.355697 0.028195 0.041771
0 0.357022 0.382045 0.021930 0.039843
0 0.334008 0.410321 0.026509 0.044342
0 0.284967 0.370799 0.032051 0.043699
0 0.297619 0.410642 0.030846 0.045627
0 0.264001 0.393452 0.030123 0.040165
0 0.257856 0.438115 0.034220 0.042092
0 0.223275 0.423655 0.030123 0.044020
0 0.199537 0.456590 0.036148 0.042414
0 0.243276 0.478279 0.032051 0.036951
0 0.200622 0.524388 0.031087 0.047555
0 0.199055 0.568087 0.030364 0.036630
0 0.257736 0.518444 0.033015 0.041450
0 0.281834 0.475387 0.028677 0.035666
0 0.313163 0.463980 0.031569 0.041128
0 0.349070 0.456912 0.029159 0.039843
0 0.368590 0.424780 0.027714 0.041771
0 0.402810 0.421567 0.033979 0.039201
0 0.244843 0.557644 0.029400 0.036951
0 0.289666 0.566480 0.032292 0.036630
0 0.307379 0.508804 0.029641 0.039522
0 0.204357 0.606966 0.025063 0.041128
0 0.225925 0.639580 0.025304 0.040165
0 0.251952 0.598933 0.023858 0.039201
0 0.198453 0.659341 0.027232 0.047555
0 0.227492 0.701594 0.033256 0.036309
0 0.263399 0.690026 0.029400 0.034381
0 0.273038 0.664964 0.032774 0.040165
0 0.288341 0.636367 0.028677 0.036309
0 0.326176 0.661269 0.030123 0.034702
0 0.299788 0.679262 0.025545 0.043699
0 0.295089 0.712840 0.029641 0.029882
0 0.262796 0.738545 0.029641 0.037594
0 0.229661 0.740312 0.029400 0.038558
0 0.234360 0.782244 0.031569 0.040165
0 0.273761 0.795097 0.026991 0.037594
0 0.300872 0.758467 0.028195 0.038879
0 0.328947 0.724247 0.029400 0.032132
0 0.297137 0.876872 0.031328 0.030846
0 0.310994 0.829317 0.028195 0.040486
0 0.334129 0.771480 0.029641 0.042414
0 0.337502 0.854058 0.027232 0.037915
0 0.366662 0.834297 0.024340 0.031810
0 0.369072 0.790759 0.028677 0.031489
0 0.367746 0.879282 0.028918 0.038237
0 0.353528 0.745453 0.026991 0.038558
0 0.365818 0.701112 0.029400 0.037273
0 0.367505 0.655485 0.032292 0.037915
0 0.361842 0.614838 0.026750 0.040165
0 0.369192 0.575156 0.033738 0.035987
0 0.330755 0.566159 0.031087 0.030846
0 0.338105 0.533224 0.032292 0.032453
0 0.370638 0.511696 0.031328 0.029882
0 0.385218 0.465908 0.026268 0.042414
0 0.398352 0.539650 0.023135 0.033096
0 0.400882 0.592186 0.030123 0.040486
0 0.392809 0.637170 0.027473 0.041128
0 0.397388 0.689223 0.029882 0.038558
0 0.396183 0.756057 0.030364 0.044984
0 0.403894 0.805539 0.034702 0.037915
0 0.403051 0.846829 0.032533 0.036309
0 0.396906 0.886993 0.025545 0.031810
0 0.426186 0.770998 0.027232 0.039522
0 0.432572 0.822409 0.029882 0.036951
0 0.428957 0.895187 0.026509 0.034702
0 0.454020 0.878960 0.027473 0.033738
0 0.483782 0.872534 0.029159 0.032453
0 0.482095 0.835743 0.026750 0.034060
0 0.457393 0.803612 0.031328 0.041771
0 0.508965 0.836386 0.024099 0.030204
0 0.508362 0.803451 0.028677 0.031810
0 0.517038 0.774051 0.028677 0.038558
0 0.495710 0.749470 0.027955 0.035023
0 0.488119 0.772123 0.025304 0.035345
0 0.455707 0.741437 0.022171 0.026027
0 0.462454 0.719909 0.028918 0.037594
0 0.426547 0.727460 0.024099 0.037915
0 0.441127 0.682315 0.028677 0.031168
0 0.422812 0.647613 0.029641 0.039522
0 0.456791 0.629298 0.028677 0.032453
0 0.473540 0.668498 0.023135 0.038237
0 0.439440 0.587687 0.027714 0.039843
0 0.472214 0.581903 0.029159 0.038558
0 0.510170 0.596041 0.029882 0.041771
0 0.490288 0.620301 0.026750 0.037594
0 0.511977 0.657573 0.032051 0.037594
0 0.524147 0.621425 0.029400 0.033417
0 0.552463 0.638134 0.029159 0.039843
0 0.581863 0.645363 0.026750 0.038237
0 0.548487 0.681993 0.028918 0.031810
0 0.549210 0.723925 0.024581 0.038558
0 0.577285 0.700951 0.025786 0.039522
0 0.571983 0.738384 0.020966 0.030846
0 0.547282 0.767946 0.026991 0.034702
0 0.563066 0.826586 0.025786 0.039522
0 0.543305 0.863858 0.024822 0.031810
0 0.572826 0.864501 0.024581 0.033096
0 0.588611 0.822730 0.022894 0.029882
0 0.610782 0.864501 0.024340 0.030525
0 0.637893 0.837671 0.026027 0.028276
0 0.645122 0.867232 0.024581 0.028918
0 0.579574 0.765214 0.023617 0.029882
0 0.636206 0.785618 0.026991 0.032774
0 0.664401 0.807628 0.027955 0.034381
0 0.677415 0.855183 0.025545 0.037594
0 0.413895 0.504466 0.027714 0.032774
0 0.427270 0.545113 0.029882 0.038879
0 0.426186 0.463659 0.028677 0.039843
0 0.449079 0.429921 0.030123 0.035345
0 0.464623 0.477315 0.026509 0.040165
0 0.444260 0.504306 0.028677 0.033738
0 0.458598 0.543506 0.028918 0.031810
0 0.491493 0.534831 0.030123 0.038237
0 0.521014 0.510411 0.028918 0.033096
0 0.552945 0.529368 0.031087 0.040807
0 0.526557 0.556680 0.027955 0.036951
0 0.556439 0.582546 0.029882 0.043699
0 0.500048 0.685528 0.026509 0.029882
0 0.718744 0.820802 0.023858 0.029240
0 0.739710 0.789474 0.024822 0.032132
0 0.760314 0.784333 0.018797 0.031489
0 0.692356 0.786903 0.026027 0.030846
0 0.666450 0.756217 0.027714 0.032453
0 0.708984 0.749149 0.029400 0.035666
0 0.608733 0.707217 0.031328 0.028276
0 0.629217 0.722640 0.024581 0.032132
0 0.648737 0.690348 0.029400 0.031810
0 0.674643 0.715089 0.028677 0.032453
0 0.611264 0.670908 0.030605 0.035345
0 0.646086 0.643917 0.028918 0.037915
0 0.696814 0.672675 0.025786 0.035023
0 0.699104 0.699345 0.022171 0.022171
0 0.619819 0.617570 0.025545 0.032774
0 0.581984 0.595077 0.022653 0.033417
0 0.589575 0.548487 0.025786 0.030846
0 0.623795 0.578369 0.026750 0.032774
0 0.648376 0.584635 0.020966 0.034381
0 0.681511 0.589615 0.025063 0.030846
0 0.693199 0.628655 0.026268 0.031810
0 0.703200 0.587045 0.018797 0.032132
0 0.728383 0.622871 0.025304 0.033738
0 0.659341 0.547523 0.031328 0.036630
0 0.683078 0.552503 0.018074 0.029882
0 0.601022 0.501092 0.027473 0.024099
0 0.534871 0.469603 0.028195 0.034381
0 0.570537 0.462053 0.030605 0.032132
0 0.551619 0.431528 0.026991 0.032774
0 0.588008 0.424780 0.032292 0.032774
0 0.600419 0.463338 0.026750 0.030846
0 0.610179 0.391524 0.031810 0.042092
0 0.614276 0.332080 0.026509 0.044020
0 0.640303 0.362766 0.027955 0.037915
0 0.644640 0.433616 0.030846 0.044663
0 0.637170 0.499486 0.027955 0.036951
0 0.655003 0.471210 0.024581 0.031168
0 0.676451 0.509929 0.032774 0.035987
0 0.699224 0.470085 0.027714 0.038558
0 0.681029 0.435865 0.026509 0.041450
0 0.665968 0.379474 0.028195 0.043056
0 0.638495 0.275047 0.027714 0.043056
0 0.664160 0.311998 0.028436 0.042414
0 0.667293 0.265407 0.026027 0.035987
0 0.704285 0.261551 0.025786 0.032774
0 0.702357 0.296896 0.027232 0.034702
0 0.699465 0.341880 0.024340 0.039843
0 0.698501 0.387347 0.027714 0.040165
0 0.717539 0.419639 0.028677 0.041128
0 0.740674 0.398593 0.026268 0.035023
0 0.722841 0.306857 0.023858 0.035345
0 0.749590 0.295290 0.028195 0.034060
0 0.779834 0.334169 0.026991 0.030846
0 0.749831 0.348628 0.021930 0.035345
0 0.731637 0.361641 0.025545 0.040165
0 0.777545 0.369835 0.024822 0.039201
0 0.797426 0.379956 0.024581 0.038879
0 0.761278 0.410481 0.025545 0.036951
0 0.808632 0.423334 0.027232 0.036951
0 0.849720 0.462053 0.027473 0.034702
0 0.812247 0.463177 0.025304 0.032453
0 0.784774 0.453216 0.025786 0.040807
0 0.745012 0.454502 0.028677 0.036309
0 0.744409 0.502056 0.028436 0.027955
0 0.748024 0.535152 0.026027 0.035023
0 0.776340 0.495148 0.027714 0.034060
0 0.811644 0.496433 0.024581 0.027633
0 0.831767 0.506876 0.020484 0.029240
0 0.826706 0.534509 0.028677 0.036951
0 0.791040 0.531939 0.027714 0.036951
0 0.764893 0.562303 0.026027 0.030846
0 0.736216 0.581422 0.026991 0.033738
0 0.797547 0.585599 0.029641 0.036309
0 0.829357 0.575638 0.023858 0.033096
0 0.851166 0.553628 0.023617 0.034060
0 0.851648 0.596202 0.022653 0.038237
0 0.813693 0.615160 0.021930 0.032453
0 0.788510 0.623996 0.024581 0.035345
0 0.757181 0.614196 0.025545 0.033738
0 0.837551 0.653718 0.020484 0.029882
0 0.805740 0.657091 0.024822 0.031489
0 0.795619 0.686010 0.023376 0.031489
0 0.772484 0.660305 0.026268 0.041128
0 0.735493 0.675888 0.026509 0.040807
0 0.750434 0.743525 0.025545 0.033417
0 0.753085 0.702236 0.024099 0.031168
0 0.782485 0.728745 0.026027 0.033417
0 0.818031 0.710751 0.023858 0.034060
0 0.822368 0.740473 0.023858 0.029882
0 0.805499 0.776942 0.025786 0.031489