0 0.117481 0.240602 0.064536 0.066834
0 0.089286 0.321637 0.062030 0.075188
0 0.093672 0.394737 0.054511 0.062657
0 0.148496 0.384712 0.050125 0.064327
0 0.207707 0.357143 0.059524 0.067669
0 0.241855 0.290727 0.063910 0.075188
0 0.300125 0.237260 0.062657 0.073517
0 0.310464 0.333333 0.059524 0.070175
0 0.257206 0.416040 0.046992 0.065163
0 0.211466 0.430660 0.045739 0.060986
0 0.154135 0.460317 0.053885 0.058480
0 0.101817 0.487051 0.055764 0.061821
0 0.105263 0.589390 0.056391 0.064327
0 0.151629 0.553885 0.047619 0.055138
0 0.206140 0.500000 0.047619 0.055973
0 0.252820 0.485380 0.046992 0.058480
0 0.187970 0.593150 0.047619 0.061821
0 0.222744 0.593567 0.054511 0.060986
0 0.199248 0.684211 0.048872 0.081871
0 0.236529 0.656224 0.053258 0.060986
0 0.253446 0.707602 0.039474 0.050125
0 0.288221 0.685464 0.047619 0.052632
0 0.336153 0.724311 0.049499 0.051796
0 0.395677 0.694236 0.052005 0.066834
0 0.298559 0.576859 0.049499 0.045948
0 0.307018 0.523392 0.056391 0.052632
0 0.313283 0.457393 0.056391 0.076023
0 0.345238 0.639098 0.052632 0.053467
0 0.366541 0.550543 0.047619 0.053467
0 0.392544 0.512949 0.057018 0.055138
0 0.383145 0.438596 0.062030 0.071846
0 0.375940 0.314954 0.055138 0.071846
0 0.379699 0.227652 0.056391 0.076023
0 0.411341 0.154971 0.067043 0.065998
0 0.406955 0.606516 0.045739 0.061821
0 0.442669 0.563492 0.052005 0.067669
0 0.453634 0.637009 0.047619 0.064327
0 0.494674 0.632414 0.054511 0.065163
0 0.512845 0.691729 0.046992 0.058480
0 0.576128 0.686299 0.050752 0.050961
0 0.625940 0.657059 0.053885 0.064327
0 0.575815 0.613200 0.058897 0.070175
0 0.520050 0.547201 0.051378 0.068505
0 0.477444 0.499165 0.057644 0.054302
0 0.520050 0.457393 0.055138 0.060986
0 0.496241 0.378864 0.053885 0.067669
0 0.438596 0.327068 0.056391 0.086048
0 0.474311 0.251044 0.053885 0.071011
0 0.715539 0.731412 0.055138 0.072682
0 0.759712 0.681287 0.052005 0.060986
0 0.800439 0.616959 0.053258 0.059315
0 0.767231 0.572682 0.052005 0.064327
0 0.840852 0.561821 0.045113 0.052632
0 0.702694 0.601921 0.046992 0.062657
0 0.646303 0.594820 0.052005 0.063492
0 0.651942 0.524227 0.059524 0.062657
0 0.594925 0.555556 0.045739 0.066834
0 0.698935 0.507519 0.044486 0.060986
0 0.790100 0.494987 0.047619 0.055973
0 0.882519 0.496241 0.049499 0.063492
0 0.880326 0.383876 0.050125 0.072682
0 0.812343 0.432331 0.057018 0.057644
0 0.843985 0.289891 0.050125 0.070175
0 0.798559 0.234754 0.045739 0.070175
0 0.753446 0.265664 0.049499 0.083542
0 0.756892 0.380117 0.052632 0.080201
0 0.739035 0.454887 0.054511 0.059315
0 0.659148 0.413534 0.055138 0.071846
0 0.702694 0.355472 0.046992 0.071011
0 0.669486 0.272765 0.057018 0.074353
0 0.606203 0.350459 0.059524 0.084378
0 0.581454 0.441103 0.061404 0.066834
0 0.552945 0.315789 0.049499 0.065163
0 0.597744 0.248538 0.057644 0.069340
0 0.532581 0.236007 0.050125 0.081036
0 0.472118 0.115706 0.052005 0.062657
0 0.539474 0.146617 0.047619 0.071011
0 0.609649 0.145363 0.062657 0.086884
0 0.671992 0.157477 0.049499 0.072682