0 0.416546 0.625924 0.020484 0.021849
0 0.455104 0.612429 0.020966 0.023777
0 0.484746 0.612589 0.023858 0.025384
0 0.510170 0.617570 0.023617 0.021207
0 0.535594 0.619176 0.023376 0.023777
0 0.563307 0.616445 0.021930 0.020243
0 0.564994 0.594274 0.025786 0.018315
0 0.588852 0.616284 0.021448 0.023777
0 0.612348 0.617088 0.020243 0.019600
0 0.536919 0.588490 0.023135 0.021528
0 0.509326 0.589776 0.022894 0.027955
0 0.483300 0.582546 0.023376 0.026991
0 0.430885 0.600861 0.026027 0.028276
0 0.456430 0.580940 0.023135 0.028918
0 0.469202 0.547362 0.026027 0.031810
0 0.394014 0.599897 0.020725 0.027633
0 0.410521 0.572425 0.025304 0.022171
0 0.432933 0.563910 0.019038 0.027633
0 0.435946 0.527280 0.027473 0.028276
0 0.341840 0.633153 0.025304 0.023456
0 0.368590 0.613071 0.022894 0.025063
0 0.380519 0.577566 0.027473 0.026669
0 0.405822 0.539008 0.024581 0.031168
0 0.314609 0.629137 0.025304 0.020564
0 0.325574 0.608733 0.026991 0.018315
0 0.347503 0.598612 0.025545 0.025063
0 0.298101 0.605842 0.024581 0.027312
0 0.349190 0.561179 0.028918 0.027955
0 0.306536 0.582064 0.029400 0.024741
0 0.318585 0.557001 0.025545 0.028597
0 0.271954 0.583189 0.027714 0.032132
0 0.287377 0.550254 0.025786 0.024741
0 0.235565 0.572103 0.028677 0.027312
0 0.221708 0.539329 0.026509 0.026027
0 0.231589 0.516837 0.029400 0.031168
0 0.257495 0.542221 0.026268 0.025384
0 0.267978 0.521978 0.029400 0.024099
0 0.301113 0.521817 0.026268 0.026991
0 0.335816 0.524549 0.031087 0.024741
0 0.187006 0.503663 0.029400 0.033096
0 0.209418 0.482295 0.033738 0.032132
0 0.248819 0.488722 0.033979 0.031489
0 0.283642 0.487758 0.029882 0.030846
0 0.317380 0.494184 0.030846 0.028276
0 0.307259 0.457715 0.030846 0.033096
0 0.155919 0.458679 0.035666 0.035666
0 0.183753 0.424459 0.035907 0.037273
0 0.200863 0.386383 0.032051 0.047876
0 0.237372 0.412409 0.033738 0.036309
0 0.235806 0.449200 0.030123 0.034702
0 0.272797 0.444541 0.031328 0.037594
0 0.238216 0.361802 0.032533 0.039843
0 0.273159 0.390881 0.031569 0.040165
0 0.256531 0.333365 0.037835 0.047876
0 0.303644 0.324851 0.035184 0.045627
0 0.305451 0.376582 0.033015 0.043056
0 0.309066 0.418354 0.030605 0.035987
0 0.376904 0.540132 0.024099 0.030846
0 0.384615 0.510089 0.023135 0.031810
0 0.380519 0.475548 0.026027 0.031489
0 0.353890 0.485509 0.026268 0.038558
0 0.341720 0.448879 0.033256 0.030846
0 0.341358 0.409678 0.029159 0.043056
0 0.375458 0.437472 0.029400 0.035023
0 0.409919 0.470567 0.028436 0.034381
0 0.434620 0.491774 0.031087 0.031810
0 0.346419 0.363890 0.037835 0.047876
0 0.319428 0.278742 0.035425 0.045306
0 0.348829 0.257374 0.038317 0.062978
0 0.350877 0.313283 0.040004 0.043699
0 0.383651 0.357946 0.034220 0.042414
0 0.376904 0.397147 0.038558 0.038558
0 0.408232 0.423977 0.032292 0.039522
0 0.438958 0.447754 0.030123 0.042735
0 0.429559 0.400360 0.032051 0.035987
0 0.396544 0.241469 0.035907 0.054302
0 0.392809 0.305090 0.036148 0.045948
0 0.437030 0.268138 0.031569 0.047876
0 0.457273 0.221226 0.038799 0.052375
0 0.420281 0.357304 0.034220 0.046270
0 0.448718 0.325333 0.038076 0.053660
0 0.454020 0.371120 0.030364 0.037273
0 0.489445 0.387347 0.036148 0.042092
0 0.463539 0.413855 0.032051 0.038558
0 0.487155 0.441649 0.032051 0.033096
0 0.466310 0.469282 0.026027 0.032453
0 0.464864 0.509768 0.026991 0.028597
0 0.493421 0.488240 0.028677 0.032453
0 0.493903 0.523585 0.026750 0.035666
0 0.503904 0.552503 0.022653 0.023456
0 0.531136 0.556680 0.029400 0.022813
0 0.552222 0.536437 0.026268 0.029240
0 0.522460 0.531939 0.026991 0.024099
0 0.524026 0.498040 0.029159 0.034060
0 0.556921 0.497076 0.028436 0.030846
0 0.520894 0.452895 0.027232 0.029240
0 0.515712 0.416265 0.026509 0.031168
0 0.489927 0.336739 0.036148 0.051411
0 0.474865 0.282758 0.039763 0.046912
0 0.517761 0.290470 0.033979 0.044984
0 0.502458 0.191986 0.042414 0.057516
0 0.561861 0.211747 0.037835 0.047555
0 0.526798 0.366300 0.033256 0.048197
0 0.553909 0.329831 0.037353 0.049161
0 0.562223 0.370638 0.034220 0.038237
0 0.546318 0.416426 0.029400 0.038558
0 0.556560 0.455144 0.034461 0.033738
0 0.562343 0.561500 0.026750 0.024741
0 0.579694 0.272476 0.036871 0.055266
0 0.617409 0.285007 0.032774 0.049483
0 0.620301 0.220744 0.034220 0.045627
0 0.657654 0.194878 0.031810 0.048519
0 0.715973 0.198573 0.041932 0.049483
0 0.755133 0.244682 0.036389 0.045948
0 0.659341 0.274565 0.038076 0.047233
0 0.697176 0.261551 0.032292 0.045627
0 0.716214 0.290309 0.032292 0.045306
0 0.682234 0.317621 0.032292 0.049161
0 0.642833 0.328224 0.037835 0.045948
0 0.592105 0.329349 0.038076 0.044342
0 0.605601 0.366943 0.032774 0.035987
0 0.583791 0.413213 0.030605 0.043056
0 0.614517 0.413855 0.030364 0.038558
0 0.594033 0.448075 0.028918 0.027955
0 0.584514 0.485027 0.023376 0.030525
0 0.615963 0.490810 0.030364 0.031168
0 0.584514 0.519568 0.024822 0.028276
0 0.591382 0.553306 0.027955 0.029561
0 0.612830 0.526476 0.024581 0.031168
0 0.592226 0.587045 0.024340 0.028276
0 0.621024 0.590097 0.022171 0.019600
0 0.618855 0.561982 0.022171 0.027633
0 0.638977 0.614999 0.021448 0.016708
0 0.668257 0.609376 0.021207 0.025384
0 0.650545 0.596845 0.022894 0.021528
0 0.693802 0.605360 0.024581 0.016066
0 0.702718 0.587045 0.019761 0.023777
0 0.726817 0.588008 0.023617 0.021207
0 0.673197 0.567444 0.022894 0.022492
0 0.644881 0.568569 0.025063 0.024741
0 0.644881 0.541900 0.028436 0.024099
0 0.641026 0.506394 0.028918 0.030204
0 0.675487 0.536437 0.025545 0.030525
0 0.703321 0.539650 0.026750 0.021528
0 0.725010 0.558929 0.026268 0.024099
0 0.753205 0.564874 0.027232 0.025063
0 0.774291 0.543185 0.026027 0.029240
0 0.741276 0.526476 0.028436 0.030525
0 0.714768 0.508161 0.028918 0.029882
0 0.690548 0.496915 0.029159 0.027955
0 0.671270 0.482777 0.029159 0.030525
0 0.643676 0.456430 0.029882 0.029240
0 0.678138 0.444862 0.029400 0.029240
0 0.726938 0.473138 0.035907 0.034381
0 0.753326 0.486312 0.021689 0.039522
0 0.782606 0.497237 0.027714 0.031810
0 0.819477 0.426547 0.032051 0.033738
0 0.804535 0.463017 0.027714 0.026991
0 0.777183 0.453698 0.030364 0.036630
0 0.750434 0.434901 0.025063 0.038879
0 0.722961 0.421085 0.028918 0.042735
0 0.699947 0.403734 0.030605 0.044020
0 0.663196 0.414498 0.030364 0.043056
0 0.779111 0.405501 0.030846 0.043699
0 0.820682 0.367907 0.038799 0.041771
0 0.640423 0.379796 0.035425 0.048197
0 0.676330 0.368710 0.034943 0.046591
0 0.713804 0.349110 0.037594 0.043378
0 0.738023 0.375297 0.035425 0.039201
0 0.769833 0.373691 0.026750 0.042414
0 0.796583 0.332562 0.035425 0.048197
0 0.746939 0.320834 0.034461 0.045306
0 0.793329 0.280670 0.043860 0.050447