0 0.195019 0.316416 0.025376 0.026316
0 0.476311 0.398753 0.026268 0.032132
0 0.423414 0.410803 0.019279 0.029240
0 0.421245 0.373530 0.023135 0.031810
0 0.455104 0.427190 0.022894 0.022813
0 0.477998 0.439239 0.020484 0.032774
0 0.507760 0.460928 0.024099 0.027955
0 0.529690 0.486633 0.019761 0.029882
0 0.579694 0.501896 0.018556 0.032774
0 0.419197 0.450325 0.020002 0.033738
0 0.443296 0.462053 0.024340 0.028918
0 0.461370 0.489364 0.024340 0.028276
0 0.492578 0.488722 0.022171 0.030204
0 0.511495 0.511696 0.020484 0.029240
0 0.481131 0.518444 0.025304 0.028597
0 0.387387 0.467676 0.022412 0.029240
0 0.367023 0.441649 0.022171 0.029240
0 0.412690 0.488079 0.025786 0.020564
0 0.436307 0.501896 0.022412 0.029561
0 0.453176 0.529529 0.023858 0.032132
0 0.473058 0.557162 0.025063 0.032132
0 0.502820 0.544952 0.026268 0.029561
0 0.526798 0.542382 0.018315 0.028276
0 0.557644 0.539329 0.020243 0.027955
0 0.593792 0.555556 0.021207 0.030846
0 0.570537 0.570818 0.022894 0.033096
0 0.543667 0.573389 0.023617 0.033096
0 0.591985 0.600700 0.024340 0.028597
0 0.649942 0.569051 0.020725 0.026991
0 0.653918 0.611786 0.016146 0.028918
0 0.676451 0.617248 0.019279 0.027633
0 0.684644 0.640544 0.017833 0.024099
0 0.715370 0.640544 0.020484 0.031168
0 0.635603 0.640704 0.021930 0.025063
0 0.614517 0.635885 0.014459 0.028276
0 0.598371 0.628494 0.024581 0.026348
0 0.593672 0.661590 0.021930 0.036630
0 0.611143 0.675246 0.016387 0.027312
0 0.653195 0.674603 0.020484 0.027312
0 0.681993 0.674603 0.023135 0.030525
0 0.705731 0.676049 0.018074 0.026348
0 0.719828 0.676692 0.007230 0.024420
0 0.758868 0.684243 0.019761 0.027955
0 0.569814 0.629940 0.018074 0.027955
0 0.551499 0.607769 0.017110 0.029882
0 0.531858 0.608251 0.019761 0.030846
0 0.514869 0.577244 0.025304 0.033738
0 0.487637 0.590579 0.022412 0.035987
0 0.506434 0.620301 0.022412 0.038237
0 0.533666 0.646649 0.021448 0.031810
0 0.557283 0.660626 0.023858 0.037915
0 0.570296 0.700148 0.022412 0.034060
0 0.496433 0.653557 0.023135 0.029561
0 0.516556 0.675246 0.016628 0.029240
0 0.541257 0.699023 0.021207 0.028597
0 0.597527 0.717017 0.021930 0.033738
0 0.630904 0.718623 0.021207 0.026027
0 0.679463 0.706413 0.022894 0.031168
0 0.704526 0.711073 0.019038 0.028276
0 0.732842 0.715571 0.020243 0.028918
0 0.690669 0.738063 0.023135 0.027633
0 0.663317 0.749952 0.023376 0.032774
0 0.676571 0.769552 0.019520 0.025705
0 0.697778 0.794775 0.020966 0.028597
0 0.715611 0.757824 0.019520 0.029882
0 0.745012 0.755093 0.020002 0.030846
0 0.779955 0.623996 0.018074 0.026348
0 0.799836 0.649059 0.017833 0.027633
0 0.822368 0.617570 0.018074 0.025705
0 0.867313 0.641508 0.013977 0.026027
0 0.866469 0.671551 0.017592 0.026348
0 0.787064 0.671551 0.016869 0.028276
0 0.798270 0.689705 0.018556 0.026027
0 0.789233 0.717981 0.021207 0.029240
0 0.828634 0.737581 0.016628 0.023456
0 0.756338 0.728424 0.021930 0.028276
0 0.766339 0.740152 0.013977 0.024741
0 0.634760 0.754772 0.021207 0.031489
0 0.594756 0.760555 0.020725 0.032774
0 0.571019 0.738706 0.019038 0.031489
0 0.547161 0.731637 0.022894 0.028276
0 0.547884 0.767464 0.020484 0.028597
0 0.524749 0.744329 0.021448 0.031168
0 0.510772 0.776942 0.025786 0.027633
0 0.478118 0.752362 0.022171 0.032453
0 0.508724 0.707217 0.016869 0.030846
0 0.451369 0.761840 0.024581 0.036630
0 0.468358 0.717660 0.024822 0.031168
0 0.487758 0.693400 0.023135 0.036630
0 0.460526 0.681993 0.026027 0.034381
0 0.439078 0.707699 0.024581 0.036309
0 0.454622 0.647452 0.021930 0.034702
0 0.455707 0.603914 0.025063 0.037594
0 0.444983 0.568730 0.026750 0.030846
0 0.427511 0.535955 0.025545 0.031489
0 0.414980 0.575959 0.027473 0.037594
0 0.426427 0.605520 0.025304 0.033738
0 0.426065 0.669783 0.025063 0.033738
0 0.414016 0.704646 0.024099 0.032132
0 0.383410 0.707217 0.028918 0.039201
0 0.419318 0.744650 0.026991 0.035023
0 0.389074 0.753004 0.022412 0.037594
0 0.361963 0.734047 0.023135 0.028597
0 0.261712 0.776621 0.027473 0.042414
0 0.294366 0.753326 0.024822 0.034381
0 0.336177 0.747381 0.026509 0.030204
0 0.349190 0.704004 0.026027 0.033417
0 0.318705 0.714446 0.026268 0.036309
0 0.310753 0.684403 0.026750 0.032132
0 0.274123 0.731315 0.023376 0.030204
0 0.407630 0.633153 0.021448 0.029882
0 0.394134 0.663518 0.022412 0.027633
0 0.380880 0.636527 0.025786 0.035987
0 0.365216 0.668498 0.023858 0.027312
0 0.339551 0.665928 0.025063 0.029882
0 0.350034 0.631547 0.032051 0.031168
0 0.401846 0.522460 0.024822 0.034702
0 0.390520 0.565034 0.023858 0.033096
0 0.392568 0.601343 0.026509 0.027312
0 0.362686 0.597327 0.026509 0.032774
0 0.353046 0.556841 0.028918 0.036630
0 0.372807 0.532421 0.029882 0.034060
0 0.368710 0.492578 0.031810 0.035345
0 0.341599 0.519568 0.028195 0.032132
0 0.332803 0.588812 0.022171 0.028597
0 0.316778 0.624478 0.021930 0.031168
0 0.247614 0.699666 0.025786 0.037594
0 0.276533 0.692436 0.022412 0.030846
0 0.289184 0.653075 0.030364 0.035666
0 0.291112 0.615481 0.027955 0.031168
0 0.305933 0.581743 0.026750 0.033096
0 0.324971 0.553467 0.023858 0.029240
0 0.311837 0.518444 0.027473 0.033738
0 0.314970 0.482456 0.026991 0.036951
0 0.344130 0.460928 0.026991 0.036309
0 0.342925 0.422531 0.028436 0.032132
0 0.315091 0.441167 0.025786 0.035345
0 0.302921 0.395540 0.026509 0.034702
0 0.299908 0.331598 0.024340 0.034702
0 0.292317 0.427029 0.026991 0.037273
0 0.275087 0.472174 0.026750 0.036951
0 0.283642 0.509768 0.026509 0.034381
0 0.292438 0.549451 0.026750 0.035987
0 0.273761 0.578530 0.026027 0.038879
0 0.253157 0.609537 0.025786 0.034702
0 0.256531 0.655324 0.025304 0.038237
0 0.218093 0.690830 0.026991 0.034702
0 0.188211 0.703522 0.027955 0.038237
0 0.212310 0.652432 0.028918 0.033096
0 0.224359 0.611143 0.026509 0.034060
0 0.242313 0.570015 0.025304 0.030846
0 0.259784 0.538204 0.024099 0.034060
0 0.246650 0.500932 0.025304 0.035345
0 0.260025 0.427993 0.026509 0.038558
0 0.274484 0.384455 0.026991 0.035666
0 0.257977 0.352966 0.029159 0.040165
0 0.226407 0.342684 0.030605 0.036951
0 0.220624 0.375779 0.028195 0.033096
0 0.229902 0.413373 0.022171 0.035023
0 0.226528 0.459964 0.027473 0.036309
0 0.215322 0.487758 0.026750 0.032132
0 0.207972 0.525673 0.029882 0.028918
0 0.207249 0.570497 0.026027 0.035023
0 0.196525 0.610661 0.026750 0.032453
0 0.183271 0.652754 0.025304 0.038237
0 0.161341 0.679102 0.026268 0.030525
0 0.125434 0.696613 0.026750 0.039843
0 0.132543 0.654682 0.026509 0.036951
0 0.105432 0.650826 0.024340 0.037594
0 0.164715 0.595881 0.025786 0.037594
0 0.125795 0.612750 0.026509 0.033417
0 0.081574 0.626888 0.024340 0.034060
0 0.120253 0.570979 0.027473 0.034702
0 0.137845 0.538204 0.027473 0.033417
0 0.167727 0.548326 0.026991 0.028597
0 0.080972 0.561982 0.027955 0.037915
0 0.071212 0.525191 0.027714 0.033096
0 0.106034 0.535795 0.029882 0.032453
0 0.118084 0.500129 0.026509 0.029240
0 0.056993 0.481814 0.030605 0.037594
0 0.179415 0.514748 0.026268 0.033417
0 0.147966 0.497879 0.025545 0.038879
0 0.181704 0.469764 0.029882 0.036630
0 0.122903 0.463820 0.027473 0.033096
0 0.077959 0.452574 0.028677 0.033738
0 0.075188 0.402288 0.028918 0.032774
0 0.196284 0.414980 0.025304 0.035666
0 0.157003 0.429439 0.026268 0.031810
0 0.123747 0.409357 0.029159 0.035987
0 0.110252 0.373691 0.030605 0.032132
0 0.127362 0.344933 0.032051 0.037594
0 0.162787 0.327260 0.028195 0.031810
0 0.195561 0.316175 0.024340 0.034702
0 0.193392 0.351520 0.030605 0.031489