0 0.299574 0.241308 0.023992 0.013495
0 0.246449 0.278099 0.031703 0.028597
0 0.311141 0.259141 0.034274 0.024741
0 0.364908 0.275368 0.036416 0.026348
0 0.317139 0.295450 0.035987 0.024741
0 0.249020 0.316336 0.039415 0.023456
0 0.291005 0.319710 0.033417 0.027633
0 0.334918 0.327100 0.031275 0.023777
0 0.362980 0.307500 0.035987 0.021849
0 0.400039 0.320995 0.034702 0.022492
0 0.449307 0.314890 0.038986 0.022492
0 0.436026 0.279706 0.028704 0.024099
0 0.401538 0.257856 0.029990 0.024741
0 0.473727 0.276493 0.031275 0.020886
0 0.516998 0.285971 0.031275 0.023135
0 0.521282 0.316657 0.029561 0.024741
0 0.490221 0.335775 0.028276 0.025063
0 0.468800 0.358107 0.029990 0.022171
0 0.428100 0.349753 0.038558 0.020886
0 0.374762 0.342684 0.035559 0.020243
0 0.392755 0.370317 0.030418 0.026027
0 0.356125 0.369353 0.034274 0.021528
0 0.307714 0.351680 0.035987 0.023456
0 0.268513 0.344772 0.030418 0.020564
0 0.226528 0.345736 0.028704 0.027633
0 0.208748 0.383330 0.028276 0.025063
0 0.243451 0.389596 0.030846 0.022813
0 0.282223 0.375619 0.026991 0.021207
0 0.292505 0.402770 0.030418 0.024099
0 0.340274 0.405340 0.027419 0.026027
0 0.377761 0.405340 0.030418 0.024099
0 0.407322 0.427350 0.028704 0.023135
0 0.223743 0.418032 0.036844 0.019279
0 0.265300 0.420763 0.031703 0.017030
0 0.320781 0.434580 0.028704 0.021528
0 0.273654 0.446469 0.029561 0.020243
0 0.240666 0.442613 0.029561 0.021528
0 0.257374 0.470085 0.034702 0.021849
0 0.223100 0.484866 0.031275 0.022492
0 0.239809 0.511053 0.028704 0.020886
0 0.216888 0.545113 0.028276 0.018958
0 0.375404 0.439882 0.031703 0.022492
0 0.351413 0.455626 0.028276 0.019279
0 0.318424 0.474745 0.030846 0.023456
0 0.297646 0.499807 0.031275 0.020886
0 0.339203 0.506234 0.032132 0.022813
0 0.358696 0.485830 0.028276 0.019279
0 0.278367 0.521496 0.031275 0.017351
0 0.265943 0.546077 0.030418 0.019600
0 0.298717 0.546237 0.029133 0.021849
0 0.332991 0.537723 0.027419 0.021528
0 0.285007 0.573871 0.029990 0.021849
0 0.247092 0.583671 0.029561 0.022813
0 0.235739 0.608733 0.029990 0.024099
0 0.269798 0.620622 0.027847 0.022813
0 0.255018 0.652593 0.033417 0.019279
0 0.298503 0.636688 0.028704 0.024099
0 0.305143 0.602307 0.029133 0.020886
0 0.335990 0.597166 0.028276 0.023456
0 0.343059 0.622229 0.031275 0.022813
0 0.342202 0.647131 0.031275 0.020564
0 0.296575 0.673639 0.034274 0.016387
0 0.287792 0.700469 0.034702 0.018636
0 0.254589 0.681993 0.032560 0.019600
0 0.341773 0.685207 0.031275 0.016387
0 0.301073 0.731315 0.033845 0.021207
0 0.335347 0.735011 0.029561 0.018958
0 0.297860 0.752844 0.028276 0.017994
0 0.296789 0.787706 0.032132 0.018958
0 0.334276 0.791723 0.033417 0.019922
0 0.330848 0.754611 0.024848 0.017030
0 0.360195 0.768909 0.026991 0.020564
0 0.363623 0.790277 0.020136 0.019600
0 0.425530 0.779192 0.029990 0.021207
0 0.465801 0.812448 0.028276 0.020243
0 0.501789 0.815500 0.027419 0.019922
0 0.540132 0.796382 0.026991 0.022171
0 0.492578 0.774372 0.022706 0.017994
0 0.466015 0.785136 0.027847 0.020886
0 0.466444 0.756057 0.027847 0.018636
0 0.427886 0.749952 0.026134 0.014781
0 0.376904 0.724568 0.023563 0.016066
0 0.353769 0.710430 0.022706 0.020564
0 0.418889 0.730833 0.032132 0.016387
0 0.453163 0.726335 0.027847 0.020886
0 0.489150 0.732279 0.031275 0.021849
0 0.523638 0.719427 0.029133 0.021207
0 0.546773 0.749791 0.029133 0.018958
0 0.546130 0.698381 0.028704 0.020886
0 0.502003 0.694364 0.030418 0.018636
0 0.471371 0.705289 0.025705 0.019922
0 0.421245 0.686974 0.034274 0.019922
0 0.389114 0.704807 0.024848 0.018958
0 0.378189 0.673479 0.026991 0.018636
0 0.412463 0.659019 0.030418 0.021207
0 0.331491 0.561982 0.034702 0.019279
0 0.365979 0.552824 0.028276 0.022813
0 0.372405 0.583189 0.029990 0.024420
0 0.376904 0.610983 0.029561 0.024741
0 0.387186 0.629940 0.026134 0.013817
0 0.415890 0.623675 0.031275 0.020564
0 0.415890 0.583349 0.028704 0.022171
0 0.403894 0.556520 0.026991 0.021849
0 0.460660 0.676531 0.031703 0.020243
0 0.482295 0.659823 0.026134 0.018315
0 0.515927 0.668338 0.031703 0.021207
0 0.448450 0.643436 0.027847 0.020886
0 0.470085 0.625602 0.029133 0.020564
0 0.506930 0.608573 0.029990 0.023777
0 0.530707 0.630422 0.028704 0.023135
0 0.448022 0.605038 0.026991 0.024420
0 0.480582 0.587045 0.024420 0.021207
0 0.476298 0.559733 0.032132 0.023135
0 0.444809 0.561982 0.027419 0.023777
0 0.401752 0.530011 0.029561 0.022171
0 0.427029 0.501896 0.027847 0.024420
0 0.379260 0.511053 0.030846 0.025384
0 0.403038 0.480207 0.026134 0.025384
0 0.409678 0.456269 0.034274 0.021207
0 0.445451 0.440203 0.032132 0.020564
0 0.438596 0.411606 0.036416 0.024420
0 0.483367 0.427190 0.035131 0.020243
0 0.489364 0.454180 0.033417 0.028597
0 0.455733 0.469443 0.032132 0.024420
0 0.491935 0.482777 0.030846 0.023456
0 0.459589 0.518765 0.028704 0.024099
0 0.512928 0.510250 0.033417 0.023135
0 0.535848 0.491453 0.030418 0.027312
0 0.549558 0.512660 0.027847 0.022813
0 0.514213 0.536759 0.029133 0.020243
0 0.561339 0.539490 0.031703 0.025063
0 0.517212 0.571461 0.034274 0.034381
0 0.541846 0.590579 0.026134 0.023777
0 0.567123 0.629458 0.032988 0.025063
0 0.564124 0.658377 0.036416 0.023777
0 0.581689 0.674603 0.027847 0.019600
0 0.584474 0.706413 0.025705 0.020886
0 0.617462 0.699987 0.031703 0.020886
0 0.630315 0.710751 0.027419 0.023777
0 0.609965 0.727781 0.028704 0.023777
0 0.615106 0.778067 0.028704 0.020886
0 0.642311 0.780156 0.024848 0.017351
0 0.635242 0.804897 0.030418 0.019279
0 0.651522 0.750112 0.026134 0.020243
0 0.704004 0.768909 0.029133 0.022492
0 0.727138 0.754932 0.029990 0.024741
0 0.762269 0.743525 0.030846 0.020564
0 0.787117 0.714286 0.031703 0.019279
0 0.744918 0.711394 0.031275 0.022492
0 0.707859 0.732922 0.032560 0.022492
0 0.710001 0.701594 0.029133 0.022813
0 0.675299 0.688420 0.030846 0.017672
0 0.725853 0.677174 0.034274 0.022171
0 0.646167 0.674764 0.033417 0.020564
0 0.692650 0.664321 0.026991 0.022171
0 0.727138 0.655806 0.035131 0.016066
0 0.792473 0.671390 0.026134 0.017672
0 0.824176 0.687777 0.031275 0.017672
0 0.817107 0.668498 0.026562 0.018315
0 0.822676 0.606805 0.029990 0.017030
0 0.857593 0.580297 0.026134 0.018636
0 0.825247 0.544631 0.028276 0.017994
0 0.807039 0.565195 0.025277 0.017351
0 0.835529 0.510732 0.023992 0.018958
0 0.781119 0.549290 0.023992 0.020243
0 0.767410 0.574835 0.031703 0.019922
0 0.779620 0.614356 0.026134 0.018636
0 0.761626 0.598291 0.026991 0.017994
0 0.730994 0.588490 0.022278 0.019600
0 0.759056 0.650504 0.026134 0.026669
0 0.731637 0.627370 0.030418 0.020243
0 0.695007 0.633957 0.020564 0.017994
0 0.662233 0.653878 0.026134 0.021207
0 0.613392 0.656931 0.027847 0.022813
0 0.628387 0.636527 0.026991 0.024420
0 0.597327 0.639901 0.032560 0.028597
0 0.605038 0.608412 0.027419 0.027312
0 0.650879 0.605199 0.033417 0.018958
0 0.695864 0.605842 0.032560 0.019600
0 0.659234 0.574192 0.037273 0.021849
0 0.619819 0.573710 0.028704 0.017672
0 0.582118 0.570336 0.029561 0.015423
0 0.596041 0.549933 0.028276 0.019600
0 0.593471 0.516837 0.027419 0.022171
0 0.637812 0.545916 0.033845 0.021849
0 0.678513 0.546880 0.030418 0.024420
0 0.741919 0.548005 0.032988 0.022171
0 0.756057 0.521335 0.030418 0.020243
0 0.715785 0.528083 0.028704 0.019600
0 0.562839 0.468318 0.030418 0.024741
0 0.599897 0.470085 0.033417 0.022492
0 0.579119 0.490650 0.032132 0.017351
0 0.613821 0.493702 0.030418 0.020886
0 0.635028 0.521657 0.031703 0.019600
0 0.678513 0.515230 0.029561 0.023456
0 0.702718 0.495309 0.033417 0.021528
0 0.743418 0.496594 0.031703 0.018958
0 0.781548 0.485027 0.030846 0.020243
0 0.784118 0.509768 0.029990 0.020243
0 0.780905 0.458036 0.032988 0.020243
0 0.749202 0.471049 0.025277 0.020564
0 0.746417 0.439721 0.027419 0.024099
0 0.754129 0.410481 0.035131 0.024099
0 0.709359 0.437793 0.028704 0.020243
0 0.698006 0.467194 0.032560 0.021207
0 0.666517 0.486633 0.028704 0.018315
0 0.636099 0.466712 0.026134 0.021528
0 0.672729 0.441970 0.023992 0.023456
0 0.702290 0.409196 0.029990 0.024099
0 0.695864 0.376422 0.032560 0.024741
0 0.659876 0.414337 0.030846 0.022813
0 0.621318 0.438757 0.038558 0.020886
0 0.584474 0.425423 0.031703 0.026991
0 0.620676 0.408553 0.031275 0.023456
0 0.645738 0.386061 0.028276 0.020243
0 0.653021 0.354733 0.029990 0.020564
0 0.618105 0.367586 0.032132 0.024420
0 0.620033 0.337221 0.026562 0.018315
0 0.527708 0.435223 0.023563 0.023456
0 0.548058 0.405822 0.032560 0.019922
0 0.512713 0.409678 0.030418 0.019279
0 0.469014 0.388632 0.026991 0.018958
0 0.430885 0.380278 0.032132 0.019600
0 0.506716 0.378510 0.031275 0.025063
0 0.556412 0.372727 0.030418 0.019922
0 0.587259 0.395058 0.032988 0.024741
0 0.585117 0.349110 0.034702 0.020243
0 0.593042 0.313765 0.029990 0.024099
0 0.560482 0.327582 0.032560 0.022813
0 0.559197 0.294647 0.028276 0.025063
0 0.527066 0.347021 0.029990 0.024420