0 0.512821 0.392006 0.009158 0.008354
0 0.525231 0.402448 0.006507 0.013174
0 0.541136 0.406144 0.007953 0.009639
0 0.554150 0.414819 0.008435 0.008997
0 0.532099 0.413534 0.009158 0.010282
0 0.533666 0.427029 0.007471 0.009639
0 0.544149 0.421888 0.008194 0.011567
0 0.551137 0.432973 0.008676 0.012531
0 0.560174 0.426547 0.009398 0.013174
0 0.571501 0.435062 0.010362 0.010925
0 0.560536 0.440685 0.006748 0.011889
0 0.571260 0.450967 0.008435 0.012531
0 0.560656 0.453538 0.006025 0.009961
0 0.583671 0.456912 0.009639 0.011567
0 0.572706 0.465266 0.009398 0.012210
0 0.559813 0.469603 0.010603 0.011889
0 0.550535 0.460446 0.006989 0.010925
0 0.578249 0.481332 0.009398 0.010925
0 0.586442 0.469282 0.009398 0.011246
0 0.598491 0.476833 0.007471 0.011567
0 0.589575 0.489846 0.007953 0.011246
0 0.598130 0.492417 0.006266 0.009961
0 0.598250 0.503984 0.007953 0.011889
0 0.603673 0.525031 0.008194 0.013495
0 0.593069 0.526316 0.007230 0.010925
0 0.585960 0.515230 0.006989 0.010603
0 0.579212 0.492578 0.006507 0.007712
0 0.565115 0.479243 0.007712 0.008033
0 0.567404 0.492899 0.010362 0.011567
0 0.569814 0.504306 0.008917 0.009318
0 0.575598 0.516998 0.008435 0.012210
0 0.580658 0.529529 0.008917 0.011567
0 0.588490 0.539490 0.007712 0.010282
0 0.586804 0.561339 0.008676 0.010925
0 0.580176 0.552664 0.007471 0.008997
0 0.577767 0.569372 0.006989 0.009639
0 0.572706 0.583349 0.006989 0.010603
0 0.564874 0.591061 0.008676 0.012531
0 0.557283 0.598451 0.006507 0.011889
0 0.555114 0.583992 0.006507 0.008033
0 0.562825 0.577726 0.009398 0.010925
0 0.539209 0.612429 0.007471 0.012210
0 0.549089 0.608412 0.009398 0.011889
0 0.547041 0.593310 0.008676 0.009318
0 0.571983 0.540775 0.007471 0.011567
0 0.569452 0.551218 0.005302 0.008033
0 0.561982 0.547041 0.007230 0.008676
0 0.563187 0.562785 0.009639 0.011246
0 0.552945 0.565998 0.009880 0.013817
0 0.543064 0.581743 0.008435 0.009318
0 0.536919 0.590579 0.006266 0.009639
0 0.531979 0.600861 0.007471 0.010282
0 0.547764 0.444220 0.006266 0.011246
0 0.538606 0.440364 0.007712 0.012531
0 0.537522 0.455948 0.007953 0.012853
0 0.551378 0.479564 0.008194 0.011889
0 0.555596 0.500289 0.007953 0.012210
0 0.561861 0.513624 0.007471 0.011246
0 0.564151 0.526476 0.006266 0.008676
0 0.555957 0.535313 0.007230 0.012210
0 0.554511 0.521817 0.006748 0.012853
0 0.516074 0.408714 0.008917 0.010925
0 0.522219 0.422209 0.008676 0.009639
0 0.526075 0.436829 0.009639 0.007390
0 0.530533 0.449200 0.006025 0.008997
0 0.541377 0.468479 0.007953 0.010282
0 0.543185 0.485027 0.007712 0.009961
0 0.545113 0.498843 0.008676 0.009961
0 0.544390 0.512178 0.007230 0.012210
0 0.545113 0.535313 0.007712 0.014138
0 0.549933 0.549451 0.010121 0.010282
0 0.541257 0.568248 0.007712 0.008676
0 0.538847 0.560054 0.008676 0.008997
0 0.538968 0.547844 0.007471 0.010282
0 0.533786 0.535152 0.006748 0.010603
0 0.537160 0.521335 0.007230 0.011246
0 0.531377 0.575798 0.007712 0.010925
0 0.529449 0.557805 0.008194 0.010282
0 0.529690 0.542542 0.006748 0.008676
0 0.520412 0.596041 0.007471 0.007069
0 0.518484 0.585920 0.007471 0.009961
0 0.513905 0.574995 0.007953 0.011889
0 0.515833 0.561018 0.006507 0.010925
0 0.505109 0.588490 0.008676 0.009961
0 0.504627 0.575638 0.007230 0.009961
0 0.508001 0.552824 0.007230 0.009318
0 0.519327 0.539811 0.006748 0.005784
0 0.522580 0.532421 0.006989 0.010925
0 0.526918 0.519729 0.007953 0.008033
0 0.531738 0.508804 0.009880 0.009318
0 0.534509 0.495951 0.007712 0.010603
0 0.499687 0.563588 0.006025 0.009639
0 0.494867 0.574835 0.007471 0.008997
0 0.484023 0.573871 0.008917 0.010282
0 0.491855 0.561661 0.003856 0.008997
0 0.485830 0.558769 0.006748 0.009639
0 0.499325 0.547362 0.007712 0.009961
0 0.506675 0.540614 0.006989 0.007390
0 0.511857 0.533224 0.008194 0.011889
0 0.514989 0.521657 0.008676 0.009318
0 0.520773 0.509447 0.006266 0.010603
0 0.523183 0.496273 0.006748 0.011246
0 0.527762 0.483902 0.006748 0.010925
0 0.530533 0.465587 0.006025 0.012210
0 0.521376 0.473941 0.006507 0.010282
0 0.520653 0.460125 0.008435 0.011567
0 0.489083 0.385097 0.008435 0.009961
0 0.505711 0.405662 0.007953 0.009961
0 0.509085 0.420924 0.008435 0.009639
0 0.516435 0.433295 0.006748 0.008676
0 0.517640 0.446308 0.006748 0.010282
0 0.509447 0.452574 0.009639 0.010603
0 0.511736 0.466230 0.007471 0.011567
0 0.513423 0.483259 0.007953 0.010282
0 0.489927 0.399557 0.007230 0.009318
0 0.495349 0.410963 0.006507 0.012853
0 0.498000 0.425583 0.010362 0.013817
0 0.503422 0.436508 0.008194 0.012531
0 0.497759 0.448718 0.008917 0.009961
0 0.499928 0.461249 0.010362 0.008676
0 0.504024 0.475869 0.010362 0.012210
0 0.504145 0.492417 0.010121 0.010603
0 0.513302 0.499486 0.007230 0.011246
0 0.503904 0.508322 0.009639 0.011567
0 0.500892 0.522139 0.007471 0.008354
0 0.500892 0.530654 0.007471 0.006105
0 0.474865 0.376261 0.010362 0.008997
0 0.479564 0.393291 0.009158 0.011567
0 0.481492 0.408553 0.006748 0.010603
0 0.486794 0.421245 0.007712 0.011567
0 0.492337 0.435865 0.008676 0.009961
0 0.484384 0.445987 0.008676 0.010282
0 0.491373 0.460607 0.008194 0.010603
0 0.494626 0.473299 0.007471 0.010282
0 0.463780 0.369835 0.007471 0.008997
0 0.464864 0.389756 0.008194 0.011567
0 0.471250 0.403252 0.006989 0.009639
0 0.473540 0.417229 0.007712 0.009318
0 0.480046 0.434098 0.008194 0.008354
0 0.473058 0.447433 0.008676 0.009318
0 0.478841 0.461571 0.008194 0.008676
0 0.485589 0.472013 0.007230 0.010925
0 0.491493 0.485991 0.009880 0.013174
0 0.493903 0.502860 0.007953 0.010925
0 0.490047 0.516355 0.009398 0.011567
0 0.490288 0.530172 0.008917 0.010925
0 0.488360 0.543988 0.010362 0.011567
0 0.479323 0.534991 0.009158 0.012210
0 0.476552 0.548969 0.007953 0.009961
0 0.472455 0.557483 0.004579 0.007069
0 0.473178 0.569211 0.006507 0.013174
0 0.484264 0.497076 0.008435 0.013495
0 0.478841 0.485669 0.007230 0.007390
0 0.474022 0.476030 0.008194 0.011246
0 0.462695 0.468318 0.010603 0.010603
0 0.467756 0.457233 0.007230 0.010282
0 0.468117 0.434901 0.010362 0.011889
0 0.462695 0.417711 0.007230 0.011567
0 0.458598 0.404055 0.009158 0.011889
0 0.453538 0.384776 0.008676 0.011889
0 0.453056 0.368710 0.005784 0.009318
0 0.440886 0.370638 0.008917 0.009318
0 0.427391 0.365176 0.006989 0.011246
0 0.417751 0.362123 0.007471 0.009639
0 0.401725 0.362605 0.007230 0.011889
0 0.411485 0.377225 0.008435 0.008354
0 0.423776 0.381242 0.008917 0.008676
0 0.431969 0.391042 0.010362 0.010282
0 0.442332 0.383491 0.006989 0.011889
0 0.448236 0.396825 0.007230 0.012210
0 0.451489 0.412731 0.007471 0.010603
0 0.452212 0.424137 0.010844 0.011567
0 0.456550 0.439239 0.009398 0.010282
0 0.457634 0.452734 0.007230 0.011567
0 0.446429 0.446951 0.008435 0.010925
0 0.437633 0.442774 0.009158 0.010925
0 0.435705 0.429600 0.008676 0.011567
0 0.441970 0.417068 0.008676 0.012210
0 0.436910 0.402448 0.008194 0.013174
0 0.371241 0.365497 0.009398 0.010603
0 0.392206 0.370477 0.008435 0.011567
0 0.383290 0.379153 0.006025 0.008997
0 0.394134 0.386222 0.007471 0.008997
0 0.404979 0.390238 0.007471 0.008676
0 0.413654 0.391202 0.007953 0.009961
0 0.423776 0.396022 0.009398 0.010603
0 0.356058 0.372405 0.007953 0.007712
0 0.369795 0.380760 0.006989 0.011567
0 0.368951 0.392488 0.007712 0.009318
0 0.357745 0.384776 0.008435 0.009318
0 0.343889 0.390881 0.008194 0.010603
0 0.349672 0.405019 0.008676 0.010603
0 0.361481 0.406144 0.010603 0.008997
0 0.359312 0.416586 0.007712 0.008033
0 0.369433 0.424780 0.007230 0.011567
0 0.377265 0.403573 0.009398 0.010925
0 0.387628 0.397950 0.006507 0.010603
0 0.394857 0.401003 0.006507 0.011567
0 0.410040 0.405340 0.009880 0.011246
0 0.419438 0.410321 0.008917 0.011567
0 0.431246 0.414176 0.007953 0.010925
0 0.422209 0.422691 0.008194 0.010603
0 0.411485 0.420121 0.006989 0.009318
0 0.400641 0.412088 0.007953 0.009961
0 0.389797 0.411124 0.007953 0.008033
0 0.378832 0.418996 0.008676 0.009639
0 0.416908 0.435865 0.008194 0.011246
0 0.427873 0.437311 0.007471 0.009639
0 0.394375 0.424298 0.008435 0.011889
0 0.405461 0.434419 0.006989 0.010282
0 0.410883 0.444862 0.007712 0.011246
0 0.422209 0.449039 0.007230 0.012531
0 0.431126 0.455626 0.008676 0.011567
0 0.441006 0.457393 0.008194 0.011246
0 0.450164 0.464141 0.008676 0.011889
0 0.455948 0.479082 0.007230 0.010925
0 0.465105 0.487437 0.008676 0.010282
0 0.472335 0.499325 0.008194 0.012853
0 0.479444 0.509286 0.006989 0.008354
0 0.479323 0.522621 0.006748 0.009961
0 0.468840 0.525031 0.005061 0.009639
0 0.469925 0.512981 0.007712 0.008676
0 0.466671 0.538847 0.006507 0.010282
0 0.463539 0.552182 0.007471 0.009318
0 0.461972 0.564070 0.005784 0.009961
0 0.452694 0.556038 0.006025 0.010603
0 0.456189 0.542703 0.005784 0.010925
0 0.447995 0.542864 0.002892 0.009318
0 0.441006 0.561661 0.007230 0.008997
0 0.457393 0.527119 0.006266 0.009961
0 0.460888 0.512339 0.005543 0.005462
0 0.461972 0.500289 0.004338 0.009639
0 0.452815 0.492738 0.007712 0.011246
0 0.445344 0.483259 0.006748 0.008354
0 0.339430 0.430082 0.008917 0.009961
0 0.342202 0.441328 0.008676 0.009318
0 0.356179 0.436990 0.006748 0.008997
0 0.366541 0.449843 0.009158 0.010282
0 0.383892 0.430564 0.007230 0.007712
0 0.376060 0.434259 0.006507 0.011246
0 0.384374 0.443738 0.007230 0.008354
0 0.395460 0.439400 0.008676 0.010603
0 0.401123 0.450003 0.007953 0.010603
0 0.392929 0.451610 0.007953 0.011889
0 0.414016 0.458518 0.007230 0.008354
0 0.405220 0.461731 0.008435 0.010925
0 0.442332 0.470889 0.006025 0.009961
0 0.433897 0.475548 0.006507 0.011567
0 0.425342 0.468318 0.008194 0.010603
0 0.415703 0.472495 0.009158 0.011889
0 0.406304 0.474102 0.005784 0.009318
0 0.405822 0.486473 0.007712 0.011567
0 0.416064 0.485027 0.008435 0.011246
0 0.426788 0.481332 0.007712 0.010282
0 0.436428 0.488079 0.007712 0.010282
0 0.443175 0.498843 0.008676 0.012531
0 0.452453 0.504627 0.006507 0.009961
0 0.435223 0.497397 0.006748 0.009639
0 0.431728 0.512821 0.006989 0.014138
0 0.425342 0.491614 0.007230 0.008997
0 0.414859 0.495791 0.007953 0.009639
0 0.440042 0.509447 0.008194 0.011889
0 0.447513 0.519568 0.007712 0.010282
0 0.439440 0.521496 0.006507 0.009639
0 0.447393 0.532581 0.006507 0.009961
0 0.440042 0.537562 0.006748 0.008997
0 0.430282 0.550414 0.008917 0.012210
0 0.430282 0.529208 0.007471 0.008997
0 0.420763 0.550254 0.006748 0.011889
0 0.423173 0.505270 0.007230 0.009318
0 0.423414 0.516837 0.007230 0.009318
0 0.414739 0.509929 0.007712 0.011567
0 0.355576 0.451770 0.007471 0.010282
0 0.338707 0.457393 0.008917 0.008676
0 0.334490 0.470567 0.008194 0.006748
0 0.336779 0.484866 0.006989 0.005784
0 0.353046 0.469603 0.007712 0.009961
0 0.364734 0.461249 0.007471 0.009318
0 0.379193 0.457554 0.007953 0.010925
0 0.395339 0.470246 0.007471 0.011246
0 0.396303 0.481653 0.007471 0.008354
0 0.384133 0.471049 0.007712 0.010282
0 0.373771 0.473781 0.008194 0.007390
0 0.363168 0.474745 0.007712 0.009318
0 0.351480 0.479886 0.006989 0.009318
0 0.360155 0.486151 0.006989 0.008997
0 0.368228 0.486312 0.006266 0.011246
0 0.345696 0.494827 0.006507 0.008354
0 0.353890 0.505591 0.006507 0.008676
0 0.362806 0.501092 0.008917 0.009961
0 0.375217 0.497558 0.008194 0.009318
0 0.384615 0.483902 0.007230 0.010282
0 0.394978 0.493381 0.009158 0.010603
0 0.381483 0.507679 0.006748 0.010925
0 0.371000 0.508001 0.007953 0.010282
0 0.362927 0.512660 0.006748 0.010603
0 0.362324 0.526155 0.008435 0.010603
0 0.365698 0.542864 0.007953 0.011889
0 0.374373 0.534188 0.007471 0.011246
0 0.379916 0.519729 0.009880 0.009318
0 0.392568 0.512178 0.007712 0.010925
0 0.401725 0.505270 0.006748 0.009961
0 0.401966 0.518444 0.007230 0.009318
0 0.411485 0.524067 0.008435 0.012210
0 0.405581 0.536759 0.008194 0.009318
0 0.395219 0.534670 0.008194 0.008997
0 0.384736 0.530332 0.007953 0.009318
0 0.377988 0.548165 0.007953 0.010282
0 0.389917 0.544952 0.007712 0.010282
0 0.400521 0.548808 0.005784 0.009639
0 0.409076 0.552985 0.007471 0.010925