0 0.147966 0.373369 0.122421 0.161943
0 0.184958 0.511696 0.094708 0.095431
0 0.238457 0.592668 0.094708 0.080008
0 0.334370 0.654521 0.084104 0.081614
0 0.333285 0.570818 0.093985 0.121136
0 0.312560 0.466069 0.112782 0.092218
0 0.307138 0.334329 0.120735 0.160979
0 0.445947 0.291755 0.117361 0.152946
0 0.431849 0.428796 0.097841 0.126920
0 0.436307 0.557483 0.095672 0.107962
0 0.446429 0.638294 0.089888 0.069083
0 0.531955 0.664787 0.078947 0.109023
0 0.613252 0.676692 0.062970 0.072682
0 0.528195 0.557018 0.067669 0.083960
0 0.548872 0.483709 0.103383 0.107769
0 0.627350 0.372180 0.100564 0.105263
0 0.593985 0.248120 0.101504 0.145363
0 0.743891 0.288221 0.100564 0.110276
0 0.714756 0.394737 0.064850 0.105263
0 0.704887 0.516917 0.082707 0.101504
0 0.611842 0.464912 0.054511 0.080201
0 0.606673 0.570802 0.062970 0.096491
0 0.681391 0.605890 0.075188 0.071429
0 0.680451 0.690476 0.063910 0.092732
0 0.760808 0.637845 0.083647 0.095238
0 0.802162 0.543233 0.078008 0.109023