0 0.466568 0.813641 0.025510 0.028643
0 0.433826 0.794031 0.024351 0.035316
0 0.402854 0.807131 0.029904 0.031898
0 0.365473 0.806277 0.032040 0.033607
0 0.380639 0.759000 0.029904 0.038164
0 0.420583 0.747038 0.022642 0.030189
0 0.469070 0.755582 0.029904 0.032468
0 0.496198 0.780645 0.026914 0.031328
0 0.529733 0.760424 0.029050 0.031898
0 0.500684 0.727956 0.027341 0.042151
0 0.300752 0.821656 0.030759 0.037024
0 0.262517 0.827352 0.031186 0.046138
0 0.324248 0.772386 0.025632 0.038733
0 0.293703 0.755297 0.028623 0.044429
0 0.260595 0.759569 0.031613 0.042720
0 0.212961 0.753589 0.029477 0.038733
0 0.254400 0.710298 0.030332 0.034176
0 0.274265 0.676407 0.024778 0.035885
0 0.328093 0.725108 0.027341 0.038733
0 0.357356 0.714001 0.027768 0.040442
0 0.395805 0.702609 0.028623 0.039303
0 0.210825 0.701185 0.030332 0.038733
0 0.237953 0.669287 0.032468 0.034176
0 0.256109 0.630838 0.030332 0.040442
0 0.297121 0.630838 0.032040 0.041581
0 0.318481 0.670711 0.032040 0.043860
0 0.352016 0.652199 0.029904 0.041012
0 0.386406 0.657325 0.035458 0.036455
0 0.380425 0.618022 0.033749 0.036455
0 0.347317 0.604352 0.031613 0.035316
0 0.320403 0.597517 0.035885 0.039872
0 0.208903 0.638813 0.025632 0.038164
0 0.224496 0.614605 0.036312 0.046708
0 0.174727 0.620586 0.034176 0.039303
0 0.145677 0.656471 0.030759 0.048416
0 0.163619 0.586409 0.029904 0.035885
0 0.203563 0.566473 0.033749 0.039303
0 0.238594 0.563910 0.030332 0.041012
0 0.271061 0.586124 0.029477 0.037594
0 0.169600 0.552518 0.031613 0.046708
0 0.140764 0.526031 0.032040 0.040442
0 0.137987 0.462805 0.035031 0.038164
0 0.181348 0.445147 0.031186 0.038164
0 0.168319 0.394452 0.035031 0.041581
0 0.217661 0.412110 0.029477 0.037024
0 0.215952 0.369959 0.035458 0.041581
0 0.221292 0.457393 0.035031 0.041012
0 0.199718 0.499829 0.033749 0.042720
0 0.226846 0.518626 0.033322 0.038164
0 0.265721 0.483595 0.029904 0.037594
0 0.297761 0.491855 0.029050 0.035885
0 0.318054 0.545682 0.032040 0.039872
0 0.345181 0.504671 0.032468 0.035316
0 0.367609 0.557359 0.028623 0.043860
0 0.381707 0.511506 0.032895 0.042151
0 0.380212 0.469070 0.034176 0.040442
0 0.330443 0.464229 0.034604 0.035316
0 0.274692 0.435464 0.035031 0.040442
0 0.249274 0.395306 0.025205 0.041012
0 0.278964 0.390180 0.030759 0.035316
0 0.258886 0.352016 0.030759 0.041012
0 0.287081 0.314992 0.033322 0.035316
0 0.316558 0.409831 0.035031 0.041581
0 0.352016 0.424072 0.031613 0.039303
0 0.357570 0.384199 0.032468 0.037024
0 0.326171 0.357143 0.029477 0.042151
0 0.361842 0.332365 0.031613 0.044999
0 0.394737 0.305594 0.035031 0.037024
0 0.394310 0.361700 0.031613 0.036455
0 0.395591 0.416382 0.032468 0.041012
0 0.444293 0.702894 0.027341 0.042151
0 0.470993 0.704887 0.023496 0.037024
0 0.424855 0.652483 0.026059 0.041581
0 0.472702 0.652483 0.026059 0.035885
0 0.455613 0.631978 0.024351 0.033607
0 0.507519 0.668717 0.029050 0.037594
0 0.543618 0.721406 0.030332 0.038164
0 0.563483 0.758715 0.031613 0.042151
0 0.590183 0.787480 0.032895 0.046138
0 0.414602 0.602643 0.028623 0.034176
0 0.416524 0.561916 0.035031 0.042720
0 0.448992 0.580428 0.029050 0.039872
0 0.425923 0.509512 0.027341 0.034746
0 0.446215 0.476475 0.033749 0.037024
0 0.475478 0.486728 0.023923 0.037024
0 0.476333 0.528594 0.031613 0.041012
0 0.490431 0.570460 0.029904 0.038164
0 0.497693 0.608909 0.029050 0.034176
0 0.525461 0.588688 0.023069 0.035885
0 0.528238 0.630838 0.029477 0.034746
0 0.477614 0.157781 0.034176 0.036455
0 0.572454 0.174869 0.029904 0.042151
0 0.600436 0.186261 0.025205 0.038733
0 0.627563 0.219583 0.026487 0.035885
0 0.535501 0.204204 0.027768 0.047277
0 0.504101 0.196514 0.026487 0.034176
0 0.476333 0.213602 0.027341 0.042151
0 0.446856 0.189964 0.029904 0.038164
0 0.433399 0.243506 0.030332 0.041581
0 0.407553 0.264867 0.027341 0.036455
0 0.434467 0.291353 0.032468 0.041581
0 0.475051 0.307872 0.032468 0.037024
0 0.480391 0.263443 0.029477 0.037024
0 0.511150 0.263158 0.029477 0.042151
0 0.545967 0.271702 0.029050 0.035316
0 0.569891 0.228412 0.034176 0.037594
0 0.602785 0.244646 0.029050 0.035885
0 0.585270 0.269139 0.026487 0.046138
0 0.625854 0.268284 0.029050 0.039872
0 0.652341 0.254044 0.025632 0.036455
0 0.693139 0.232114 0.028623 0.039303
0 0.426564 0.340909 0.026059 0.037024
0 0.423573 0.392174 0.028623 0.034746
0 0.436389 0.425211 0.030332 0.041581
0 0.453050 0.383345 0.026059 0.037594
0 0.486159 0.394167 0.029904 0.043290
0 0.477187 0.436603 0.030759 0.043860
0 0.512004 0.443153 0.029477 0.034176
0 0.522044 0.399578 0.032468 0.037024
0 0.507519 0.352301 0.029904 0.038164
0 0.529093 0.314138 0.028623 0.035885
0 0.563483 0.328093 0.027341 0.033037
0 0.538918 0.353725 0.026059 0.042151
0 0.570531 0.374801 0.030332 0.037594
0 0.545754 0.428628 0.026914 0.030189
0 0.510296 0.485589 0.032040 0.039303
0 0.538705 0.476760 0.021360 0.033037
0 0.517985 0.536284 0.033749 0.037024
0 0.551307 0.521474 0.030332 0.037024
0 0.554511 0.566758 0.029904 0.037594
0 0.583134 0.541980 0.025632 0.035885
0 0.576085 0.446286 0.030332 0.034746
0 0.600863 0.400148 0.035458 0.040442
0 0.546181 0.669287 0.031186 0.041012
0 0.580784 0.683527 0.028623 0.038733
0 0.589328 0.722260 0.025205 0.037594
0 0.613252 0.745329 0.026914 0.027911
0 0.635467 0.782354 0.032040 0.039303
0 0.668788 0.809695 0.032040 0.038164
0 0.684595 0.772101 0.028623 0.034746
0 0.660458 0.740203 0.026487 0.031328
0 0.648710 0.723684 0.032040 0.040442
0 0.612611 0.679825 0.025632 0.038164
0 0.630126 0.655616 0.029050 0.036455
0 0.594241 0.639383 0.029050 0.031328
0 0.583988 0.596093 0.023923 0.035885
0 0.622650 0.612896 0.029477 0.034176
0 0.614747 0.567327 0.027341 0.039872
0 0.608766 0.521759 0.027341 0.039872
0 0.600649 0.312714 0.024778 0.037594
0 0.606630 0.349453 0.029050 0.033607
0 0.638030 0.315562 0.027768 0.035316
0 0.670284 0.291353 0.029050 0.034746
0 0.699974 0.276544 0.025205 0.034746
0 0.729665 0.248063 0.030759 0.038164
0 0.770890 0.276544 0.031186 0.039303
0 0.750598 0.315562 0.028195 0.033037
0 0.725820 0.291069 0.030759 0.036455
0 0.695275 0.333789 0.034604 0.042151
0 0.670711 0.353725 0.027341 0.047847
0 0.640379 0.364833 0.029050 0.037024
0 0.607271 0.468786 0.029477 0.041012
0 0.631408 0.436033 0.029904 0.035885
0 0.643797 0.479039 0.029904 0.034176
0 0.640166 0.519196 0.030332 0.037024
0 0.648496 0.557929 0.030759 0.038164
0 0.658749 0.604637 0.027341 0.038164
0 0.661953 0.676122 0.026059 0.030759
0 0.714927 0.767829 0.028623 0.033037
0 0.702538 0.740203 0.027768 0.035885
0 0.689721 0.702609 0.024351 0.039303
0 0.723684 0.690647 0.031613 0.032468
0 0.756152 0.690077 0.028195 0.037024
0 0.763841 0.790613 0.029050 0.035316
0 0.772813 0.746468 0.027341 0.037024
0 0.745899 0.727387 0.026487 0.033037
0 0.669002 0.642800 0.034176 0.033607
0 0.705314 0.655332 0.032468 0.038164
0 0.700402 0.609193 0.025205 0.044999
0 0.683100 0.580428 0.029904 0.041012
0 0.681818 0.412110 0.032468 0.037024
0 0.680323 0.466792 0.028623 0.038164
0 0.674129 0.505240 0.027341 0.030759
0 0.690362 0.541410 0.029050 0.037024
0 0.709373 0.498120 0.028623 0.034746
0 0.735646 0.524322 0.032468 0.032468
0 0.745685 0.476190 0.029477 0.041012
0 0.715995 0.457109 0.029050 0.034746
0 0.733937 0.415527 0.031613 0.043860
0 0.759356 0.432046 0.025205 0.039303
0 0.796950 0.429198 0.032895 0.038164
0 0.760851 0.386762 0.029904 0.037594
0 0.733937 0.353725 0.028195 0.031898
0 0.700829 0.377933 0.030332 0.033607
0 0.791823 0.322682 0.025205 0.038164
0 0.778794 0.349738 0.029050 0.036455
0 0.803999 0.381351 0.025632 0.032468
0 0.827495 0.349453 0.028195 0.034746
0 0.859749 0.372522 0.032040 0.042151
0 0.874060 0.413534 0.027341 0.033037
0 0.883459 0.454545 0.025632 0.035316
0 0.848001 0.444293 0.029050 0.031898
0 0.821087 0.417236 0.016234 0.030189
0 0.800795 0.479893 0.027768 0.033607
0 0.774308 0.500114 0.026914 0.037594
0 0.855477 0.485019 0.027768 0.034746
0 0.880255 0.501538 0.025205 0.041581
0 0.890294 0.539986 0.023069 0.035316
0 0.880682 0.584131 0.026059 0.037024
0 0.858467 0.563055 0.025205 0.037024
0 0.844369 0.537423 0.024351 0.038164
0 0.816815 0.514069 0.031613 0.032468
0 0.780502 0.536569 0.025632 0.033037
0 0.815960 0.563910 0.028195 0.033037
0 0.844369 0.593244 0.030332 0.037024
0 0.850350 0.617738 0.024351 0.026771
0 0.830485 0.637104 0.026487 0.033607
0 0.860390 0.670426 0.026487 0.037594
0 0.715567 0.572169 0.029050 0.033607
0 0.751025 0.562486 0.031613 0.039303
0 0.785202 0.582137 0.027341 0.038733
0 0.803785 0.617453 0.025205 0.035316
0 0.740772 0.603497 0.025632 0.042720
0 0.737782 0.649920 0.025632 0.037594
0 0.770036 0.621155 0.029477 0.037024
0 0.786270 0.653907 0.027768 0.030759
0 0.777512 0.704602 0.025632 0.033037
0 0.813611 0.731089 0.030332 0.040442
0 0.835185 0.703178 0.029904 0.029050
0 0.819592 0.678401 0.027768 0.039872