0 0.499446 0.581903 0.020484 0.032774
0 0.472937 0.589454 0.022894 0.029882
0 0.526316 0.546559 0.014459 0.025705
0 0.552342 0.544631 0.024099 0.026348
0 0.573790 0.521978 0.023617 0.031168
0 0.598612 0.504145 0.023617 0.032774
0 0.507278 0.544470 0.018797 0.029240
0 0.515592 0.513302 0.021930 0.029240
0 0.545354 0.512017 0.023617 0.027955
0 0.564512 0.484705 0.025304 0.026669
0 0.588852 0.469122 0.022412 0.030846
0 0.615722 0.472174 0.023135 0.029882
0 0.481010 0.549290 0.019279 0.022171
0 0.490529 0.519889 0.022412 0.025063
0 0.463177 0.525031 0.022171 0.028918
0 0.455707 0.556038 0.021207 0.024741
0 0.445826 0.582385 0.017833 0.017030
0 0.435343 0.533706 0.023376 0.025705
0 0.428234 0.564874 0.021689 0.028918
0 0.418956 0.596202 0.020966 0.024099
0 0.386664 0.602628 0.021930 0.030525
0 0.635844 0.441970 0.021448 0.029882
0 0.608131 0.435865 0.024340 0.027312
0 0.624759 0.406304 0.021448 0.026669
0 0.570055 0.435705 0.020484 0.029561
0 0.545595 0.459321 0.020725 0.032453
0 0.526798 0.483581 0.022653 0.026991
0 0.397388 0.566159 0.023617 0.024420
0 0.410642 0.536919 0.020243 0.023777
0 0.360396 0.586563 0.020002 0.024099
0 0.369674 0.553788 0.023135 0.030525
0 0.384374 0.520853 0.023135 0.025063
0 0.416908 0.503020 0.023135 0.026027
0 0.444501 0.495630 0.022412 0.022171
0 0.340876 0.550254 0.022894 0.027312
0 0.354974 0.516837 0.026027 0.031168
0 0.323887 0.514427 0.023617 0.026348
0 0.374735 0.486955 0.026027 0.029240
0 0.348226 0.478761 0.019761 0.028276
0 0.374494 0.448879 0.027473 0.030204
0 0.433054 0.456108 0.025545 0.029240
0 0.402569 0.472495 0.023376 0.025384
0 0.399798 0.435223 0.020243 0.026669
0 0.330273 0.445505 0.021448 0.029240
0 0.333647 0.412570 0.026750 0.032132
0 0.367746 0.406304 0.024099 0.030525
0 0.398231 0.397468 0.023376 0.029561
0 0.374735 0.373048 0.021689 0.032774
0 0.347383 0.375458 0.024340 0.028597
0 0.365939 0.335936 0.023376 0.036951
0 0.397508 0.348307 0.023858 0.036630
0 0.427993 0.391524 0.025545 0.032453
0 0.447874 0.424780 0.024340 0.030204
0 0.474383 0.415622 0.023376 0.026669
0 0.472094 0.476994 0.021689 0.028597
0 0.456791 0.387668 0.023858 0.029240
0 0.486794 0.446469 0.023135 0.031810
0 0.500410 0.477315 0.021930 0.027955
0 0.368710 0.285811 0.026027 0.037594
0 0.390520 0.259141 0.025304 0.033096
0 0.415221 0.247253 0.025545 0.039522
0 0.403051 0.301555 0.030605 0.040807
0 0.432451 0.282598 0.025786 0.035023
0 0.455345 0.247574 0.027714 0.031810
0 0.432813 0.348467 0.026509 0.035666
0 0.453899 0.316336 0.025786 0.035666
0 0.474022 0.280509 0.028918 0.039201
0 0.507639 0.257696 0.025786 0.036630
0 0.496915 0.219620 0.025063 0.031168
0 0.485227 0.317139 0.023376 0.033417
0 0.466190 0.352002 0.027232 0.033096
0 0.554029 0.214157 0.026991 0.036309
0 0.534871 0.250145 0.025786 0.034381
0 0.510411 0.301555 0.024581 0.033096
0 0.540655 0.295611 0.023376 0.035987
0 0.566320 0.269584 0.026509 0.033417
0 0.581140 0.230062 0.022894 0.037273
0 0.599817 0.261230 0.024581 0.031489
0 0.633917 0.254804 0.025304 0.035345
0 0.585478 0.301073 0.027232 0.036630
0 0.528244 0.332402 0.026991 0.030525
0 0.503663 0.349753 0.024581 0.031810
0 0.490529 0.385097 0.022894 0.031168
0 0.525352 0.389114 0.027955 0.037273
0 0.504265 0.413373 0.023858 0.025384
0 0.517881 0.447754 0.023617 0.031168
0 0.537883 0.422691 0.024099 0.025384
0 0.559813 0.398432 0.022171 0.025705
0 0.547643 0.365176 0.021930 0.027312
0 0.562705 0.329992 0.026027 0.029561
0 0.595479 0.335775 0.023617 0.030846
0 0.581863 0.369835 0.024340 0.030846
0 0.590177 0.403412 0.024099 0.028597
0 0.611987 0.374333 0.021930 0.026348
0 0.665004 0.261391 0.024340 0.030525
0 0.617288 0.295932 0.024340 0.033417
0 0.648255 0.293522 0.026027 0.033096
0 0.687657 0.309909 0.025304 0.029882
0 0.624880 0.341880 0.026509 0.026991
0 0.654882 0.334008 0.023376 0.029882
0 0.681632 0.347503 0.025786 0.027312
0 0.672354 0.382687 0.026027 0.031489
0 0.641628 0.369032 0.022412 0.027312
0 0.655003 0.419318 0.024099 0.034702
0 0.462876 0.438858 0.012531 0.016186