0 0.493421 0.552021 0.018074 0.019922
0 0.508121 0.525352 0.015182 0.020564
0 0.528846 0.511857 0.018556 0.021849
0 0.545233 0.481010 0.016628 0.021207
0 0.543787 0.446790 0.016146 0.029240
0 0.521376 0.457233 0.020484 0.025063
0 0.506675 0.488722 0.018556 0.021207
0 0.487999 0.508001 0.022171 0.025063
0 0.465467 0.526155 0.021448 0.022813
0 0.457634 0.505270 0.020725 0.022813
0 0.475347 0.486151 0.020484 0.024420
0 0.492939 0.467354 0.019038 0.030525
0 0.505591 0.429118 0.021207 0.027312
0 0.549089 0.412409 0.017110 0.024099
0 0.527521 0.417872 0.017833 0.020886
0 0.536076 0.391684 0.018556 0.026348
0 0.517038 0.389917 0.017110 0.026669
0 0.536196 0.351520 0.018797 0.025705
0 0.544028 0.321637 0.019038 0.025705
0 0.540052 0.287257 0.021689 0.026991
0 0.527400 0.258177 0.019520 0.026027
0 0.505591 0.267014 0.020725 0.028918
0 0.512218 0.307500 0.017592 0.022492
0 0.519207 0.334651 0.019520 0.025384
0 0.505711 0.361641 0.020484 0.026669
0 0.489927 0.399075 0.020243 0.027633
0 0.481613 0.428154 0.020966 0.028597
0 0.472335 0.455144 0.020725 0.026027
0 0.435464 0.508322 0.019279 0.030846
0 0.434379 0.476351 0.021930 0.029240
0 0.444621 0.432170 0.020243 0.028918
0 0.427511 0.446308 0.023135 0.028276
0 0.408955 0.464141 0.021207 0.031810
0 0.415944 0.499486 0.020243 0.027955
0 0.385459 0.511535 0.022412 0.028276
0 0.359553 0.507197 0.022171 0.027955
0 0.321597 0.500771 0.022412 0.027312
0 0.344371 0.475869 0.022653 0.025063
0 0.366782 0.463338 0.020243 0.025705
0 0.297860 0.498040 0.021689 0.026991
0 0.322561 0.455787 0.019520 0.027312
0 0.345937 0.445665 0.021930 0.027633
0 0.364011 0.421888 0.023376 0.029561
0 0.389556 0.448718 0.019520 0.024741
0 0.394134 0.417068 0.020002 0.026991
0 0.423896 0.415301 0.020725 0.027312
0 0.269785 0.496755 0.021448 0.026991
0 0.235685 0.475066 0.023617 0.027312
0 0.274002 0.449682 0.016869 0.023456
0 0.300270 0.453698 0.015423 0.022492
0 0.312922 0.419157 0.021448 0.023456
0 0.340876 0.413534 0.015664 0.022492
0 0.251109 0.438275 0.019279 0.025063
0 0.259302 0.410642 0.023135 0.023777
0 0.250386 0.376101 0.023135 0.027955
0 0.226889 0.393452 0.019520 0.031168
0 0.222793 0.428957 0.019520 0.028276
0 0.290028 0.409678 0.021448 0.028276
0 0.307620 0.387507 0.020002 0.024420
0 0.331116 0.381563 0.019761 0.022171
0 0.355817 0.385740 0.022412 0.021528
0 0.380278 0.390238 0.020243 0.020886
0 0.408112 0.387347 0.022412 0.022171
0 0.292197 0.361320 0.025786 0.023456
0 0.319187 0.354572 0.017592 0.020886
0 0.344250 0.359553 0.020484 0.022492
0 0.370638 0.363730 0.020243 0.021849
0 0.397388 0.361641 0.020243 0.018958
0 0.270147 0.337061 0.018315 0.025705
0 0.237131 0.319388 0.020725 0.025063
0 0.260869 0.295290 0.019038 0.024420
0 0.282798 0.306375 0.016628 0.023456
0 0.300872 0.330634 0.016628 0.022492
0 0.332683 0.325011 0.018556 0.024741
0 0.359312 0.333205 0.016869 0.025063
0 0.387869 0.334169 0.019038 0.026348
0 0.411485 0.340113 0.017110 0.021528
0 0.434018 0.358267 0.015905 0.022492
0 0.454984 0.372245 0.014459 0.022813
0 0.242433 0.265889 0.022653 0.026669
0 0.272556 0.268781 0.020243 0.026669
0 0.295330 0.279224 0.022894 0.028276
0 0.311596 0.305090 0.016387 0.026669
0 0.327501 0.279224 0.021207 0.026348
0 0.345937 0.302680 0.017110 0.025063
0 0.371723 0.304929 0.017592 0.023135
0 0.395339 0.304286 0.018074 0.021207
0 0.428596 0.315211 0.014700 0.020564
0 0.450766 0.327742 0.016628 0.023135
0 0.262435 0.234239 0.021689 0.027633
0 0.289425 0.232633 0.018315 0.026348
0 0.353167 0.275368 0.020966 0.024420
0 0.337743 0.246771 0.019520 0.023777
0 0.312078 0.248699 0.021207 0.025705
0 0.323766 0.215924 0.017110 0.024420
0 0.295209 0.188291 0.019761 0.025063
0 0.274605 0.205000 0.018074 0.021849
0 0.317019 0.169655 0.022412 0.028918
0 0.334852 0.143468 0.020484 0.025384
0 0.346057 0.178330 0.020243 0.021207
0 0.354372 0.212390 0.020966 0.025063
0 0.360276 0.241308 0.019761 0.024420
0 0.383531 0.272315 0.020484 0.026669
0 0.423294 0.279063 0.021448 0.024741
0 0.445585 0.295611 0.016387 0.021849
0 0.386061 0.243076 0.017351 0.022813
0 0.407630 0.250466 0.019038 0.024741
0 0.426668 0.228295 0.019038 0.025384
0 0.403412 0.215764 0.018315 0.024741
0 0.378711 0.211908 0.020002 0.024099
0 0.372325 0.175439 0.019279 0.024420
0 0.401484 0.183150 0.020725 0.023135
0 0.423776 0.195682 0.018074 0.024420
0 0.447513 0.200501 0.018315 0.024420
0 0.469322 0.203875 0.018556 0.027312
0 0.464744 0.236167 0.016146 0.024420
0 0.443657 0.254964 0.016869 0.024099
0 0.465587 0.271191 0.020243 0.026348
0 0.470768 0.307339 0.018074 0.021528
0 0.437271 0.389435 0.017110 0.021849
0 0.466912 0.397789 0.019520 0.022492
0 0.480287 0.370959 0.019279 0.020886
0 0.476552 0.337382 0.020484 0.023777
0 0.496915 0.326778 0.017833 0.024420
0 0.493421 0.294647 0.020002 0.025063
0 0.482818 0.253840 0.017110 0.025063
0 0.501494 0.238256 0.017833 0.022813
0 0.520171 0.210944 0.019038 0.025384
0 0.494505 0.205000 0.022653 0.026348
0 0.509447 0.178652 0.020243 0.023135
0 0.485468 0.172386 0.018556 0.029882
0 0.496795 0.145396 0.018074 0.026027
0 0.474383 0.139291 0.019520 0.025384
0 0.461008 0.169494 0.018797 0.027312
0 0.471130 0.106195 0.021207 0.023456
0 0.437994 0.159051 0.018556 0.025063
0 0.451610 0.127241 0.018315 0.024420
0 0.446429 0.092539 0.018556 0.021207
0 0.426547 0.118084 0.019279 0.022813
0 0.414377 0.158570 0.019038 0.024099
0 0.409919 0.092218 0.018797 0.021849
0 0.397629 0.123867 0.016869 0.022813
0 0.388712 0.151019 0.019279 0.026348
0 0.383651 0.095431 0.020243 0.025063
0 0.359191 0.114549 0.022894 0.022813