0 0.519930 0.219298 0.024340 0.033738
0 0.548125 0.219620 0.024822 0.033096
0 0.588249 0.224279 0.025063 0.033417
0 0.605601 0.249181 0.024099 0.027955
0 0.634519 0.264604 0.027955 0.027312
0 0.659823 0.285811 0.022171 0.030525
0 0.675969 0.319067 0.024099 0.028276
0 0.646689 0.321798 0.020484 0.027955
0 0.611384 0.313444 0.022653 0.029882
0 0.589575 0.283561 0.021930 0.031168
0 0.566199 0.260105 0.021448 0.033738
0 0.529328 0.261551 0.022894 0.034060
0 0.535835 0.299627 0.023376 0.033738
0 0.564512 0.302198 0.024822 0.030525
0 0.587045 0.334008 0.024099 0.031168
0 0.570296 0.362445 0.023858 0.029561
0 0.550896 0.334811 0.025545 0.026991
0 0.494987 0.248056 0.023135 0.033417
0 0.503302 0.286775 0.022412 0.031810
0 0.502338 0.329028 0.026268 0.031489
0 0.525593 0.356500 0.024099 0.027955
0 0.517761 0.394737 0.022894 0.031810
0 0.544510 0.385419 0.022412 0.026027
0 0.572585 0.406947 0.026027 0.029882
0 0.616083 0.350074 0.020484 0.032453
0 0.465346 0.244843 0.026509 0.033417
0 0.446549 0.282437 0.019279 0.030204
0 0.474022 0.297699 0.026027 0.035666
0 0.476552 0.345415 0.024822 0.032774
0 0.487517 0.384133 0.021207 0.031168
0 0.448597 0.326136 0.025786 0.030846
0 0.420884 0.302519 0.022894 0.031168
0 0.411726 0.339952 0.022894 0.029561
0 0.435464 0.364533 0.024581 0.031168
0 0.459080 0.397950 0.026027 0.033096
0 0.484746 0.419318 0.025304 0.029561
0 0.512941 0.432170 0.021930 0.030204
0 0.398352 0.380599 0.024099 0.033738
0 0.429559 0.404858 0.023858 0.036630
0 0.451610 0.429600 0.025063 0.030846
0 0.422209 0.442131 0.026991 0.028918
0 0.394737 0.431688 0.023135 0.038237
0 0.412329 0.485348 0.025545 0.037594
0 0.438837 0.470728 0.026509 0.032132
0 0.467756 0.462856 0.026027 0.035023
0 0.492819 0.452413 0.022653 0.026991
0 0.532822 0.452895 0.024099 0.031168
0 0.544751 0.418836 0.026750 0.029882
0 0.574995 0.443738 0.026027 0.033417
0 0.411726 0.524388 0.022412 0.028918
0 0.437512 0.507197 0.023376 0.029240
0 0.474383 0.499004 0.024822 0.033417
0 0.452092 0.531136 0.024099 0.032132
0 0.426306 0.556038 0.024581 0.033096
0 0.449561 0.577405 0.025786 0.034060
0 0.485830 0.573710 0.024581 0.033738
0 0.479564 0.535313 0.022653 0.030204
0 0.505591 0.514748 0.025545 0.032132
0 0.507157 0.479243 0.022412 0.026027
0 0.534991 0.488400 0.024099 0.032132
0 0.559211 0.471049 0.024340 0.034060
0 0.560295 0.506876 0.027473 0.028597
0 0.534389 0.523103 0.023376 0.029561
0 0.505711 0.551539 0.024340 0.034381
0 0.537281 0.561018 0.025304 0.028276
0 0.513784 0.582385 0.027473 0.030525
0 0.540655 0.593150 0.025304 0.034060
0 0.557283 0.540293 0.022894 0.029240
0 0.564874 0.576441 0.021689 0.030846
0 0.568127 0.611947 0.025304 0.032453
0 0.592105 0.614678 0.020243 0.030204
0 0.591141 0.581582 0.023135 0.028276
0 0.692235 0.352484 0.021930 0.030204
0 0.662233 0.357785 0.026509 0.033096
0 0.639218 0.383330 0.025304 0.035345
0 0.609456 0.392166 0.022171 0.038879
0 0.612469 0.431528 0.030123 0.034702
0 0.638736 0.421406 0.025304 0.029240
0 0.669944 0.401645 0.027955 0.034702
0 0.705369 0.387186 0.022171 0.032774
0 0.716334 0.427029 0.023376 0.032774
0 0.689705 0.419639 0.021207 0.033417
0 0.597527 0.460125 0.025304 0.031489
0 0.614156 0.487437 0.023376 0.032774
0 0.633555 0.460607 0.023135 0.033096
0 0.662714 0.439560 0.023135 0.032774
0 0.686331 0.455466 0.021207 0.031810
0 0.708623 0.459803 0.019038 0.029561
0 0.716455 0.496915 0.021689 0.029882
0 0.691753 0.490650 0.022412 0.030846
0 0.660907 0.472977 0.026750 0.026991
0 0.644640 0.502860 0.026991 0.032774
0 0.671631 0.512660 0.020725 0.027955
0 0.694766 0.521817 0.021689 0.029561
0 0.676210 0.548808 0.019761 0.030846
0 0.652111 0.541257 0.021207 0.030525
0 0.627892 0.528404 0.021930 0.030525
0 0.602227 0.521978 0.023135 0.024741
0 0.585117 0.491614 0.024581 0.023777
0 0.584032 0.548808 0.023376 0.025705
0 0.613071 0.558447 0.022653 0.029561
0 0.633194 0.568087 0.021448 0.028918
0 0.658979 0.576120 0.025304 0.030846
0 0.638375 0.603753 0.023617 0.028276
0 0.612469 0.591382 0.019038 0.024741