0 0.327441 0.388610 0.012411 0.019644
0 0.249181 0.243076 0.013977 0.013817
0 0.255687 0.266532 0.013013 0.018315
0 0.273520 0.272797 0.015423 0.015423
0 0.269785 0.247895 0.014218 0.011889
0 0.285329 0.240023 0.013495 0.013495
0 0.306054 0.226367 0.012049 0.015744
0 0.328586 0.223797 0.010844 0.017672
0 0.347383 0.236971 0.012290 0.019600
0 0.363288 0.245004 0.011808 0.018958
0 0.378952 0.255286 0.014218 0.019600
0 0.363770 0.270548 0.011326 0.017994
0 0.381483 0.291434 0.013013 0.016066
0 0.351118 0.256410 0.011567 0.018636
0 0.322441 0.248056 0.013495 0.016066
0 0.335093 0.267656 0.013736 0.014781
0 0.349793 0.281152 0.014700 0.015423
0 0.363529 0.295771 0.014700 0.013174
0 0.380760 0.314247 0.013495 0.017351
0 0.363770 0.317782 0.014700 0.017994
0 0.380639 0.338346 0.011808 0.019922
0 0.380639 0.363890 0.012290 0.021528
0 0.365336 0.364372 0.013013 0.016708
0 0.365577 0.340916 0.011567 0.016066
0 0.346539 0.327260 0.012531 0.016387
0 0.345214 0.303965 0.012290 0.016066
0 0.330634 0.311998 0.012531 0.017351
0 0.329791 0.289024 0.013254 0.016387
0 0.313524 0.277778 0.013013 0.015744
0 0.300390 0.285650 0.011808 0.019279
0 0.291474 0.266050 0.015182 0.018636
0 0.338948 0.348307 0.012290 0.017994
0 0.334370 0.369674 0.011326 0.017672
0 0.355576 0.383973 0.013736 0.019922
0 0.376301 0.398432 0.012772 0.018636
0 0.368710 0.419478 0.012049 0.017030
0 0.361119 0.441810 0.012772 0.017351
0 0.341840 0.424941 0.015182 0.016387
0 0.345214 0.399396 0.012772 0.016066
0 0.317139 0.364372 0.011085 0.016708
0 0.324128 0.337864 0.012531 0.016387
0 0.306054 0.332080 0.013495 0.013174
0 0.303644 0.308785 0.015423 0.017994
0 0.283039 0.296093 0.012772 0.019600
0 0.263881 0.292558 0.016869 0.018958
0 0.272677 0.315211 0.016146 0.017994
0 0.287980 0.333687 0.013977 0.018315
0 0.301475 0.354251 0.014459 0.018315
0 0.310271 0.383812 0.013254 0.018315
0 0.291594 0.374815 0.014459 0.018315
0 0.283642 0.355697 0.013495 0.017351
0 0.271231 0.337543 0.013736 0.019600
0 0.254844 0.312480 0.013254 0.019600
0 0.237854 0.320995 0.014941 0.019922
0 0.223516 0.300109 0.016146 0.016708
0 0.219901 0.320673 0.012290 0.021207
0 0.216165 0.344772 0.015423 0.019279
0 0.235685 0.345575 0.013495 0.019600
0 0.252916 0.338346 0.016146 0.019279
0 0.260025 0.359231 0.015423 0.016708
0 0.274123 0.378350 0.013736 0.017030
0 0.257254 0.383009 0.012772 0.016708
0 0.239541 0.368710 0.014459 0.016387
0 0.217611 0.367104 0.014941 0.018958
0 0.208574 0.387347 0.016146 0.018315
0 0.231107 0.391202 0.015423 0.019600
0 0.218214 0.407750 0.009880 0.015423
0 0.235203 0.414498 0.013977 0.019279
0 0.251350 0.406626 0.014941 0.017030
0 0.269906 0.403091 0.015905 0.019600
0 0.287739 0.399557 0.014459 0.020243
0 0.305572 0.410321 0.014459 0.017994
0 0.324248 0.414176 0.014700 0.017351
0 0.323525 0.437311 0.014218 0.017351
0 0.323043 0.458036 0.014700 0.018315
0 0.344371 0.459000 0.013977 0.017672
0 0.303523 0.459161 0.012772 0.018636
0 0.301475 0.431849 0.014941 0.016708
0 0.287016 0.447433 0.013495 0.019600
0 0.280509 0.424459 0.014459 0.018636
0 0.263399 0.425101 0.013013 0.016066
0 0.268580 0.446308 0.013254 0.016708
0 0.280027 0.472335 0.016387 0.019279
0 0.261230 0.477797 0.013013 0.017994
0 0.244120 0.477636 0.014459 0.018958
0 0.251470 0.457875 0.015664 0.014138
0 0.245807 0.434259 0.017351 0.015744
0 0.227130 0.434098 0.012290 0.018636
0 0.235444 0.457072 0.010603 0.017030