0 0.456791 0.217049 0.022412 0.031810
0 0.538606 0.202590 0.024099 0.031168
0 0.565958 0.222351 0.023858 0.033417
0 0.609336 0.220584 0.024340 0.028597
0 0.398111 0.225243 0.024581 0.032132
0 0.438837 0.268781 0.024099 0.033096
0 0.482938 0.270388 0.023617 0.035023
0 0.509929 0.259463 0.023617 0.036951
0 0.546318 0.256571 0.019279 0.025384
0 0.574634 0.265889 0.026268 0.037594
0 0.605119 0.267817 0.024099 0.032453
0 0.405943 0.291434 0.019520 0.028918
0 0.375699 0.270709 0.025063 0.032453
0 0.431849 0.308785 0.024581 0.034702
0 0.511013 0.308945 0.022412 0.024741
0 0.541377 0.291273 0.021930 0.027312
0 0.471612 0.330313 0.022653 0.029561
0 0.568489 0.311677 0.020725 0.030204
0 0.599214 0.307178 0.021930 0.024420
0 0.370518 0.306696 0.022412 0.027312
0 0.396544 0.330474 0.020002 0.025384
0 0.422209 0.345736 0.018797 0.028918
0 0.468961 0.371763 0.023135 0.024420
0 0.505470 0.357785 0.025786 0.030525
0 0.545474 0.349753 0.025304 0.027955
0 0.586442 0.355215 0.025786 0.028597
0 0.643436 0.279224 0.023617 0.028918
0 0.670667 0.272155 0.020725 0.026348
0 0.628976 0.311677 0.022171 0.028276
0 0.645966 0.343969 0.025304 0.029882
0 0.666450 0.311837 0.022412 0.026669
0 0.687898 0.285329 0.011326 0.024420
0 0.707418 0.319067 0.019038 0.024420
0 0.694163 0.347182 0.022894 0.027312
0 0.712478 0.355215 0.010844 0.025384
0 0.739228 0.334329 0.020966 0.016387
0 0.752482 0.357625 0.019520 0.025063
0 0.784051 0.377225 0.020002 0.028918
0 0.731516 0.374976 0.018556 0.025063
0 0.749349 0.399557 0.019520 0.023456
0 0.683319 0.379474 0.018074 0.021849
0 0.707418 0.399235 0.022412 0.028597
0 0.631025 0.377225 0.023376 0.027633
0 0.642110 0.416747 0.023376 0.028918
0 0.677415 0.416908 0.020725 0.027312
0 0.711996 0.451449 0.024340 0.027633
0 0.747542 0.456912 0.019761 0.021849
0 0.782003 0.475227 0.016869 0.017994
0 0.809717 0.466069 0.016387 0.020243
0 0.676451 0.459161 0.023617 0.026348
0 0.602227 0.411124 0.022653 0.029240
0 0.615240 0.445183 0.018315 0.027312
0 0.645122 0.456751 0.021207 0.028597
0 0.663196 0.490328 0.020725 0.026991
0 0.563428 0.384294 0.021689 0.027633
0 0.576321 0.419318 0.018556 0.028918
0 0.576200 0.455466 0.024099 0.029882
0 0.604878 0.475709 0.023135 0.026027
0 0.635483 0.501574 0.020243 0.031489
0 0.720792 0.487758 0.020243 0.021207
0 0.738264 0.505430 0.017592 0.019279
0 0.707779 0.517962 0.018797 0.025063
0 0.732239 0.540775 0.024340 0.028276
0 0.753808 0.570015 0.025545 0.025063
0 0.776099 0.534831 0.020484 0.026027
0 0.782606 0.573067 0.021930 0.023456
0 0.669824 0.529529 0.024822 0.024420
0 0.695248 0.561018 0.020243 0.025063
0 0.742963 0.613232 0.025545 0.022171
0 0.762242 0.602789 0.010121 0.021207
0 0.610420 0.522942 0.019761 0.027955
0 0.587767 0.508804 0.022653 0.027312
0 0.561500 0.496915 0.025063 0.027312
0 0.564151 0.532903 0.024581 0.026027
0 0.600660 0.570979 0.023376 0.030204
0 0.639339 0.537241 0.024099 0.026348
0 0.625241 0.569854 0.022894 0.026669
0 0.660064 0.565516 0.026509 0.027633
0 0.670306 0.598451 0.023376 0.031168
0 0.702598 0.618855 0.022894 0.032132
0 0.797547 0.601825 0.019520 0.024420
0 0.643917 0.607609 0.016387 0.023135
0 0.677294 0.648577 0.025304 0.029240
0 0.694284 0.677174 0.021689 0.027955
0 0.732119 0.667695 0.023135 0.032132
0 0.761881 0.662554 0.025786 0.029561
0 0.791281 0.638937 0.023376 0.030525
0 0.859601 0.438596 0.022171 0.021207
0 0.823573 0.494345 0.019520 0.026027
0 0.801644 0.512178 0.022894 0.027633
0 0.824296 0.533706 0.022412 0.027633
0 0.835984 0.568408 0.020725 0.028276
0 0.800559 0.542542 0.020725 0.024099
0 0.830562 0.604878 0.020002 0.029240
0 0.826224 0.645203 0.021448 0.029561
0 0.776822 0.702397 0.021930 0.026991
0 0.746217 0.686171 0.016146 0.023456
0 0.792486 0.706253 0.006025 0.025063
0 0.811404 0.773408 0.022171 0.028918
0 0.784292 0.779834 0.019038 0.025063
0 0.775014 0.747381 0.021207 0.027633
0 0.736698 0.733725 0.020243 0.023456
0 0.724769 0.708341 0.019520 0.027312
0 0.757663 0.793811 0.022171 0.020243
0 0.778629 0.802326 0.019761 0.013495
0 0.757302 0.819195 0.020966 0.018315
0 0.731998 0.829478 0.022412 0.024741
0 0.728142 0.804897 0.020002 0.024420
0 0.712117 0.772283 0.022653 0.027312
0 0.693561 0.730673 0.020243 0.027633
0 0.700308 0.872052 0.024581 0.030846
0 0.697537 0.800398 0.020484 0.030204
0 0.676692 0.758145 0.022171 0.029882
0 0.664522 0.680226 0.022894 0.026991
0 0.659100 0.725050 0.024099 0.022171
0 0.655244 0.775657 0.020725 0.026348
0 0.671511 0.813412 0.019520 0.025384
0 0.650424 0.831887 0.023135 0.034060
0 0.614276 0.800720 0.018797 0.027633
0 0.616204 0.772283 0.025063 0.029240
0 0.634278 0.741276 0.020243 0.025063
0 0.620301 0.705610 0.022171 0.023135
0 0.640785 0.656609 0.023617 0.036951
0 0.615602 0.628976 0.023858 0.027955
0 0.616565 0.672515 0.019520 0.025063
0 0.588249 0.774372 0.023617 0.025705
0 0.598973 0.733725 0.027232 0.026027
0 0.591864 0.702879 0.022653 0.031168
0 0.591262 0.655003 0.021448 0.041450
0 0.564151 0.808913 0.020243 0.023456
0 0.573308 0.739670 0.020725 0.023777
0 0.568248 0.712840 0.019761 0.023456
0 0.547041 0.703682 0.016869 0.025063
0 0.565958 0.681190 0.023858 0.028918
0 0.548366 0.734207 0.019520 0.025063
0 0.536317 0.795257 0.019520 0.026348
0 0.508362 0.819838 0.018556 0.027955
0 0.500169 0.778870 0.018074 0.021849
0 0.501856 0.748024 0.016146 0.027633
0 0.523906 0.725050 0.021207 0.027955
0 0.526798 0.687616 0.018315 0.028276
0 0.536678 0.653557 0.023135 0.028276
0 0.482095 0.827228 0.020966 0.032453
0 0.478118 0.770998 0.020243 0.024741
0 0.460285 0.803451 0.021207 0.029240
0 0.422450 0.884905 0.021207 0.026991
0 0.406786 0.808431 0.023135 0.034060
0 0.426788 0.771801 0.022171 0.020564
0 0.446670 0.762965 0.014700 0.026669
0 0.463900 0.718302 0.024581 0.024741
0 0.489204 0.696131 0.020243 0.025384
0 0.458116 0.672836 0.025063 0.018636
0 0.459080 0.647131 0.023135 0.026348
0 0.483179 0.627370 0.023617 0.026027
0 0.491132 0.658377 0.023617 0.027633
0 0.512098 0.638937 0.020243 0.029882
0 0.544390 0.605360 0.020725 0.026348
0 0.561861 0.641990 0.023858 0.027633
0 0.573308 0.598130 0.022653 0.036951
0 0.519568 0.603914 0.021207 0.027312
0 0.490891 0.592346 0.020243 0.030525
0 0.478600 0.557001 0.025063 0.033738
0 0.506314 0.532742 0.023617 0.028918
0 0.535112 0.532903 0.023376 0.030525
0 0.522099 0.571300 0.022894 0.032774
0 0.552583 0.563106 0.026509 0.025384
0 0.420161 0.695328 0.020484 0.023777
0 0.407509 0.722961 0.017833 0.021207
0 0.383169 0.750916 0.021689 0.028276
0 0.454381 0.583671 0.019520 0.023456
0 0.449200 0.556359 0.022171 0.020243
0 0.441729 0.528565 0.026509 0.030204
0 0.470768 0.515552 0.025786 0.031168
0 0.497397 0.490971 0.021689 0.025063
0 0.507639 0.463820 0.024340 0.027955
0 0.543787 0.446790 0.021448 0.030525
0 0.520050 0.422370 0.021207 0.038237
0 0.535112 0.383651 0.024340 0.030204
0 0.496433 0.393130 0.027955 0.031810
0 0.490168 0.428957 0.026509 0.031489
0 0.473660 0.471371 0.023858 0.036630
0 0.446067 0.460285 0.019761 0.030525
0 0.456430 0.417229 0.026991 0.036951
0 0.433656 0.381724 0.023376 0.030846
0 0.426427 0.423173 0.023858 0.034702
0 0.427632 0.491453 0.024340 0.030525
0 0.406425 0.459964 0.025786 0.027955
0 0.391965 0.426547 0.023376 0.035023
0 0.403533 0.384133 0.026268 0.038879
0 0.427150 0.588651 0.021448 0.028918
0 0.412088 0.623193 0.025545 0.030525
0 0.398231 0.667052 0.021930 0.035345
0 0.374735 0.708823 0.022171 0.031489
0 0.341117 0.819999 0.022412 0.028918
0 0.319669 0.826264 0.015664 0.026669
0 0.329309 0.769713 0.020002 0.026669
0 0.355335 0.759913 0.021930 0.021849
0 0.351721 0.724728 0.020966 0.025384
0 0.348949 0.673639 0.018315 0.027312
0 0.371964 0.627370 0.016146 0.030525
0 0.329670 0.647613 0.023617 0.033096
0 0.304969 0.680869 0.026750 0.026348
0 0.298101 0.763768 0.023135 0.032132
0 0.297378 0.821766 0.019761 0.026027
0 0.249422 0.802969 0.022171 0.024420
0 0.267857 0.774051 0.024340 0.026348
0 0.242433 0.745453 0.020725 0.028276
0 0.224238 0.762804 0.018074 0.027633
0 0.262917 0.717981 0.022171 0.027955
0 0.211707 0.737581 0.022894 0.028597
0 0.234480 0.689866 0.023135 0.026348
0 0.179897 0.721355 0.022894 0.030846
0 0.207490 0.677013 0.020243 0.026991
0 0.220142 0.660144 0.023376 0.027955
0 0.163751 0.688741 0.023376 0.033096
0 0.196404 0.644560 0.019761 0.030204
0 0.272677 0.662875 0.024822 0.030846
0 0.271833 0.630744 0.019279 0.023135
0 0.299065 0.611304 0.017351 0.028597
0 0.314127 0.595881 0.020484 0.026669
0 0.351480 0.596523 0.018074 0.028597
0 0.337743 0.574353 0.023376 0.032453
0 0.372205 0.563910 0.019520 0.030204
0 0.391845 0.512660 0.018315 0.030525
0 0.412329 0.537241 0.026027 0.035987
0 0.403533 0.575156 0.020484 0.034060
0 0.390640 0.586563 0.015423 0.026669
0 0.355576 0.541257 0.024822 0.035023
0 0.361240 0.505109 0.021689 0.030204
0 0.372807 0.468800 0.022653 0.032774
0 0.352444 0.440846 0.021448 0.034060
0 0.334129 0.492738 0.024340 0.027955
0 0.326778 0.528565 0.024099 0.032132
0 0.286413 0.539168 0.026268 0.030846
0 0.281714 0.580297 0.018797 0.023135
0 0.264965 0.553306 0.020002 0.026991
0 0.252193 0.588008 0.021448 0.025705
0 0.237011 0.529368 0.026750 0.032453
0 0.267255 0.505430 0.026027 0.021849
0 0.255567 0.473459 0.023376 0.035666
0 0.317259 0.463498 0.020002 0.029882
0 0.284124 0.459321 0.026991 0.038237
0 0.223395 0.610501 0.021207 0.023135
0 0.198573 0.597166 0.020243 0.029240
0 0.165317 0.645685 0.026509 0.025384
0 0.170980 0.585277 0.021448 0.027312
0 0.226528 0.583831 0.020243 0.021849
0 0.235565 0.559893 0.024822 0.021528
0 0.209779 0.538365 0.020966 0.033738
0 0.199899 0.563106 0.018556 0.019600
0 0.134471 0.692597 0.024581 0.026027
0 0.135435 0.655003 0.023617 0.028597
0 0.134832 0.604556 0.020966 0.024099
0 0.116156 0.613553 0.011085 0.013174
0 0.105793 0.591864 0.022653 0.025705
0 0.123867 0.576762 0.016869 0.027633
0 0.152786 0.549129 0.022171 0.028918
0 0.174234 0.541418 0.020243 0.030204
0 0.139411 0.513142 0.025786 0.029561
0 0.116638 0.519729 0.021689 0.034381
0 0.110975 0.485027 0.024340 0.033096
0 0.164353 0.496594 0.023617 0.031810
0 0.194597 0.500289 0.018556 0.034060
0 0.226889 0.474102 0.020966 0.033738
0 0.138809 0.475869 0.021689 0.032132
0 0.154352 0.440364 0.028195 0.033738
0 0.126398 0.430564 0.021448 0.030204
0 0.137724 0.401645 0.026268 0.028276
0 0.182427 0.415140 0.024581 0.038558
0 0.205923 0.446308 0.020484 0.030204
0 0.237975 0.434580 0.023858 0.027312
0 0.216527 0.405180 0.020484 0.027633
0 0.250145 0.403252 0.024581 0.032774
0 0.275207 0.415140 0.023617 0.034060
0 0.303282 0.421085 0.022412 0.038879
0 0.147002 0.358910 0.027955 0.030846
0 0.197127 0.358589 0.023617 0.039843
0 0.222913 0.353608 0.025545 0.027955
0 0.193272 0.317942 0.024099 0.029240
0 0.225082 0.296093 0.020725 0.035023
0 0.248458 0.296093 0.021207 0.034381
0 0.227853 0.257214 0.020484 0.031168
0 0.249422 0.245004 0.019761 0.033096
0 0.282075 0.260266 0.028195 0.032132
0 0.276292 0.299949 0.024340 0.035023
0 0.263158 0.331920 0.026991 0.033417
0 0.292317 0.341880 0.026509 0.037915
0 0.268821 0.370799 0.020484 0.032132
0 0.305813 0.378189 0.028436 0.033417
0 0.317259 0.261551 0.023376 0.032132
0 0.323525 0.300591 0.026268 0.036951
0 0.348949 0.276171 0.020725 0.027312
0 0.348467 0.335133 0.026991 0.035345
0 0.340756 0.369674 0.026027 0.035023
0 0.374855 0.358749 0.022894 0.033096
0 0.337984 0.405501 0.026268 0.028918